0.0000053833 40.2252273006 0.4169508491
0.0000054920 41.0050079540 0.4169508491
0.0000056030 41.7999052697 0.4169508491
0.0000057162 42.6102122876 0.4169508491
0.0000058317 43.4362277279 0.4169508491
0.0000059495 44.2782561007 0.4169508491
0.0000060696 45.1366078189 0.4169508491
0.0000061923 46.0115993124 0.4169508491
0.0000063174 46.9035531442 0.4169508491
0.0000064450 47.8127981299 0.4169508491
0.0000065752 48.7396694589 0.4169508491
0.0000067080 49.6845088172 0.4169508491
0.0000068435 50.6476645142 0.4169508491
0.0000069818 51.6294916103 0.4169508491
0.0000071228 52.6303520485 0.4169508491
0.0000072667 53.6506147871 0.4169508491
0.0000074135 54.6906559360 0.4169508491
0.0000075632 55.7508588952 0.4169508491
0.0000077160 56.8316144962 0.4169508491
0.0000078719 57.9333211460 0.4169508491
0.0000080309 59.0563849738 0.4169508491
0.0000081932 60.2012199806 0.4169508491
0.0000083587 61.3682481921 0.4169508491
0.0000085275 62.5578998139 0.4169508491
0.0000086998 63.7706133899 0.4169508491
0.0000088756 65.0068359646 0.4169508491
0.0000090549 66.2670232468 0.4169508491
0.0000092378 67.5516397784 0.4169508491
0.0000094244 68.8611591053 0.4169508491
0.0000096148 70.1960639515 0.4169508491
0.0000098090 71.5568463975 0.4169508491
0.0000100072 72.9440080616 0.4169508491
0.0000102093 74.3580602841 0.4169508491
0.0000104156 75.7995243166 0.4169508491
0.0000106260 77.2689315135 0.4169508491
0.0000108406 78.7668235276 0.4169508491
0.0000110596 80.2937525105 0.4169508491
0.0000112830 81.8502813152 0.4169508491
0.0000115110 83.4369837039 0.4169508491
0.0000117435 85.0544445593 0.4169508491
0.0000119807 86.7032601001 0.4169508491
0.0000122228 88.3840381009 0.4169508491
0.0000124697 90.0973981156 0.4169508491
0.0000127216 91.8439717062 0.4169508491
0.0000129786 93.6244026753 0.4169508491
0.0000132408 95.4393473032 0.4169508491
0.0000135082 97.2894745898 0.4169508491
0.0000137811 99.1754665012 0.4169508491
0.0000140595 101.0980182206 0.4169508491
0.0000143436 103.0578384047 0.4169508491
0.0000146333 105.0556494449 0.4169508491
0.0000149289 107.0921884803 0.4169508491
0.0000152305 109.1682062430 0.4169508491
0.0000155382 111.2844673235 0.4169508491
0.0000158521 113.4417515980 0.4169508491
0.0000161723 115.6408550755 0.4169508491
0.0000164990 117.8825873020 0.4169508491
0.0000168323 120.1677754871 0.4169508491
0.0000171723 122.4972615397 0.4169508491
0.0000175193 124.8719041640 0.4169508491
0.0000178732 127.2925788187 0.4169508491
0.0000182342 129.7601775822 0.4169508491
0.0000186026 132.2756100467 0.4169508491
0.0000189784 134.8398030060 0.4169508491
0.0000193618 137.4537019485 0.4169508491
0.0000197529 140.1182709242 0.4169508491
0.0000201519 142.8344908126 0.4169508491
0.0000205590 145.6033639846 0.4169508491
0.0000209744 148.4259099685 0.4169508491
0.0000213981 151.3031694511 0.4169508491
0.0000218303 154.2362028704 0.4169508491
0.0000222713 157.2260910859 0.4169508491
0.0000227212 160.2739360355 0.4169508491
0.0000231802 163.3808608145 0.4169508491
0.0000236485 166.5480110394 0.4169508491
0.0000241263 169.7765540767 0.4169508491
0.0000246136 173.0676797594 0.4169508491
0.0000251109 176.4226010552 0.4169508491
0.0000256181 179.8425541557 0.4169508491
0.0000261357 183.3287998432 0.4169508491
0.0000266636 186.8826215746 0.4169508491
0.0000272023 190.5053305219 0.4169508491
0.0000277518 194.1982610062 0.4169508491
0.0000283124 197.9627737648 0.4169508491
0.0000288844 201.8002562786 0.4169508491
0.0000294679 205.7121231999 0.4169508491
0.0000300632 209.6998149072 0.4169508491
0.0000306705 213.7648011573 0.4169508491
0.0000312901 217.9085799318 0.4169508491
0.0000319222 222.1326781918 0.4169508491
0.0000325670 226.4386517693 0.4169508491
0.0000332249 230.8280889525 0.4169508491
0.0000338961 235.3026069425 0.4169508491
0.0000345809 239.8638530538 0.4169508491
0.0000352794 244.5135065376 0.4169508491
0.0000359921 249.2532830225 0.4169508491
0.0000367192 254.0849279670 0.4169508491
0.0000374610 259.0102202848 0.4169508491
0.0000382178 264.0309755472 0.4169508491
0.0000389898 269.1490431679 0.4169508491
0.0000397775 274.3663086651 0.4169508491
0.0000405810 279.6846931885 0.4169508491
0.0000414008 285.1061567824 0.4169508491
0.0000422372 290.6326959107 0.4169508491
0.0000430904 296.2663471087 0.4169508491
0.0000439609 302.0091846895 0.4169508491
0.0000448490 307.8633227709 0.4169508491
0.0000457550 313.8309164227 0.4169508491
0.0000466793 319.9141663837 0.4169508491
0.0000476223 326.1153115099 0.4169508491
0.0000485843 332.4366340447 0.4169508491
0.0000495658 338.8804628816 0.4169508491
0.0000505671 345.4491715055 0.4169508491
0.0000515886 352.1451772269 0.4169508491
0.0000526307 358.9709453822 0.4169508491
0.0000536940 365.9289906210 0.4169508491
0.0000547787 373.0218726040 0.4169508491
0.0000558852 380.2522015446 0.4169508491
0.0000570142 387.6226416875 0.4169508491
0.0000581660 395.1359036470 0.4169508491
0.0000593410 402.7947535550 0.4169508491
0.0000605398 410.6020085334 0.4169508491
0.0000617628 418.5605405917 0.4169508491
0.0000630105 426.6732798821 0.4169508491
0.0000642833 434.9432137200 0.4169508491
0.0000655820 443.3733807790 0.4169508491
0.0000669068 451.9668840154 0.4169508491
0.0000682584 460.7268842546 0.4169508491
0.0000696373 469.6566035886 0.4169508491
0.0000710441 478.7593276310 0.4169508491
0.0000724793 488.0384021999 0.4169508491
0.0000739434 497.4972401036 0.4169508491
0.0000754372 507.1393178268 0.4169508491
0.0000769611 516.9681802232 0.4169508491
0.0000785159 526.9874406494 0.4169508491
0.0000801020 537.2007795703 0.4169508491
0.0000817202 547.6119510768 0.4169508491
0.0000833710 558.2247825004 0.4169508491
0.0000850552 569.0431732602 0.4169508491
0.0000867734 580.0710954900 0.4169508491
0.0000885264 591.3126006417 0.4169508491
0.0000903147 602.7718155743 0.4169508491
0.0000921392 614.4529482355 0.4169508491
0.0000940005 626.3602904550 0.4169508491
0.0000958995 638.4982089223 0.4169508491
0.0000978368 650.8711566640 0.4169508491
0.0000998132 663.4836777244 0.4169508491
0.0001018296 676.3403950418 0.4169508491
0.0001038867 689.4460239556 0.4169508491
0.0001059853 702.8053720525 0.4169508491
0.0001081264 716.4233372349 0.4169508491
0.0001103107 730.3049129560 0.4169508491
0.0001125391 744.4551821707 0.4169508491
0.0001148125 758.8793293506 0.4169508491
0.0001171319 773.5826378195 0.4169508491
0.0001194981 788.5704941725 0.4169508491
0.0001219121 803.8483835102 0.4169508491
0.0001243749 819.4218959770 0.4169508491
0.0001268874 835.2967292988 0.4169508491
0.0001294507 851.4786871155 0.4169508491
0.0001320658 867.9736858229 0.4169508491
0.0001347338 884.7877580517 0.4169508491
0.0001374556 901.9270434398 0.4169508491
0.0001402323 919.3978021521 0.4169508491
0.0001430652 937.2064128592 0.4169508491
0.0001459553 955.3593736288 0.4169508491
0.0001489038 973.8633053160 0.4169508491
0.0001519119 992.7249487229 0.4169508491
0.0001549807 1011.9511823231 0.4169508491
0.0001581115 1031.5490136740 0.4169508491
0.0001613056 1051.5255743291 0.4169508491
0.0001645641 1071.8881365024 0.4169508491
0.0001678886 1092.6441133400 0.4169508491
0.0001712802 1113.8010394125 0.4169508491
0.0001747402 1135.3666077224 0.4169508491
0.0001782702 1157.3486419149 0.4169508491
0.0001818715 1179.7551219893 0.4169508491
0.0001855456 1202.5941724450 0.4169508491
0.0001892938 1225.8740608461 0.4169508491
0.0001931178 1249.6032270195 0.4169508491
0.0001970190 1273.7902523993 0.4169508491
0.0002009991 1298.4438910733 0.4169508491
0.0002050596 1323.5730413948 0.4169508491
0.0002092020 1349.1867736281 0.4169508491
0.0002134282 1375.2943310588 0.4169508491
0.0002177398 1401.9051241979 0.4169508491
0.0002221384 1429.0287227871 0.4169508491
0.0002266259 1456.6748868565 0.4169508491
0.0002312040 1484.8535513233 0.4169508491
0.0002358747 1513.5748267255 0.4169508491
0.0002406396 1542.8490094262 0.4169508491
0.0002455009 1572.6865861025 0.4169508491
0.0002504603 1603.0982175305 0.4169508491
0.0002555199 1634.0947617545 0.4169508491
0.0002606818 1665.6872880082 0.4169508491
0.0002659479 1697.8870638500 0.4169508491
0.0002713204 1730.7055303031 0.4169508491
0.0002768014 1764.1543559230 0.4169508491
0.0002823932 1798.2454090179 0.4169508491
0.0002880979 1832.9907570021 0.4169508491
0.0002939179 1868.4026832810 0.4169508491
0.0002998555 1904.4937006518 0.4169508491
0.0003059129 1941.2765247197 0.4169508491
0.0003120928 1978.7640870166 0.4169508491
0.0003183975 2016.9695520142 0.4169508491
0.0003248295 2055.9063058071 0.4169508491
0.0003313915 2095.5879680133 0.4169508491
0.0003380860 2136.0283899157 0.4169508491
0.0003449158 2177.2416613463 0.4169508491
0.0003518836 2219.2420826466 0.4169508491
0.0003589921 2262.0442148067 0.4169508491
0.0003662442 2305.6628812050 0.4169508491
0.0003736428 2350.1131162001 0.4169508491
0.0003811909 2395.4102005338 0.4169508491
0.0003888915 2441.5696908877 0.4169508491
0.0003967476 2488.6073777518 0.4169508491
0.0004047624 2536.5393016738 0.4169508491
0.0004129393 2585.3817810549 0.4169508491
0.0004212813 2635.1513528744 0.4169508491
0.0004297917 2685.8648780829 0.4169508491
0.0004384741 2737.5394417509 0.4169508491
0.0004473318 2790.1924004504 0.4169508491
0.0004563685 2843.8413784862 0.4169508491
0.0004655877 2898.5042908335 0.4169508491
0.0004749932 2954.1992790805 0.4169508491
0.0004845887 3010.9447884063 0.4169508491
0.0004943780 3068.7595433244 0.4169508491
0.0005043651 3127.6625260657 0.4169508491
0.0005145540 3187.6730110480 0.4169508491
0.0005249487 3248.8105454591 0.4169508491
0.0005355533 3311.0949615819 0.4169508491
0.0005463722 3374.5463684157 0.4169508491
0.0005574097 3439.1851486078 0.4169508491
0.0005686701 3505.0319883439 0.4169508491
0.0005801580 3572.1078496882 0.4169508491
0.0005918779 3640.4339734125 0.4169508491
0.0006038346 3710.0318898016 0.4169508491
0.0006160329 3780.9234071682 0.4169508491
0.0006284775 3853.1306094641 0.4169508491
0.0006411736 3926.6758559656 0.4169508491
0.0006541262 4001.5818337203 0.4169508491
0.0006673404 4077.8714636836 0.4169508491
0.0006808215 4155.5679657873 0.4169508491
0.0006945754 4234.6948173722 0.4169508491
0.0007086067 4315.2757536593 0.4169508491
0.0007229215 4397.3348380830 0.4169508491
0.0007375255 4480.8963919126 0.4169508491
0.0007524244 4565.9849286816 0.4169508491
0.0007676244 4652.6253060556 0.4169508491
0.0007831315 4740.8426249202 0.4169508491
0.0007989518 4830.6621819473 0.4169508491
0.0008150917 4922.1095518452 0.4169508491
0.0008315576 5015.2105515566 0.4169508491
0.0008483562 5109.9912292613 0.4169508491
0.0008654941 5206.4778384059 0.4169508491
0.0008829782 5304.6968811621 0.4169508491
0.0009008155 5404.6750458676 0.4169508491
0.0009190132 5506.4392134397 0.4169508491
0.0009375784 5610.0165186222 0.4169508491
0.0009565187 5715.4342009749 0.4169508491
0.0009758417 5822.7197478615 0.4169508491
0.0009955550 5931.9007465185 0.4169508491
0.0010156665 6043.0049411234 0.4169508491
0.0010361844 6156.0602566917 0.4169508491
0.0010571165 6271.0947061922 0.4169508491
0.0010784718 6388.1364389351 0.4169508491
0.0011002583 6507.2136315660 0.4169508491
0.0011224849 6628.3546527087 0.4169508491
0.0011451612 6751.5879104527 0.4169508491
0.0011682949 6876.9417967356 0.4169508491
0.0011918960 7004.4446954564 0.4169508491
0.0012159740 7134.1251372921 0.4169508491
0.0012405382 7266.0115657483 0.4169508491
0.0012655987 7400.1324026296 0.4169508491
0.0012911655 7536.5160227630 0.4169508491
0.0013172487 7675.1906981415 0.4169508491
0.0013438589 7816.1846661550 0.4169508491
0.0013710066 7959.5259791792 0.4169508491
0.0013987029 8105.2424892426 0.4169508491
0.0014269585 8253.3623793701 0.4169508491
0.0014557848 8403.9117268830 0.4169508491
0.0014851936 8556.9139328110 0.4169508491
0.0015151965 8712.4020423805 0.4169508491
0.0015458055 8870.4021340884 0.4169508491
0.0015770328 9030.9409040979 0.4169508491
0.0016088908 9194.0443793984 0.4169508491
0.0016413926 9359.7383292097 0.4169508491
0.0016745509 9528.0480910737 0.4169508491
0.0017083790 9698.9985175103 0.4169508491
0.0017428907 9872.6139442957 0.4169508491
0.0017780993 10048.9181551415 0.4169508491
0.0018140193 10227.9344661823 0.4169508491
0.0018506648 10409.6852206648 0.4169508491
0.0018880507 10594.1930872099 0.4169508491
0.0019261928 10781.4812397986 0.4169508491
0.0019651044 10971.5672121674 0.4169508491
0.0020048020 11164.4710569990 0.4169508491
0.0020453017 11360.2113937276 0.4169508491
0.0020866196 11558.8060400412 0.4169508491
0.0021287720 11760.2718154338 0.4169508491
0.0021717760 11964.6245769185 0.4169508491
0.0022156488 12171.8789966984 0.4169508491
0.0022604079 12382.0487028811 0.4169508491
0.0023060711 12595.1457767497 0.4169508491
0.0023526568 12811.1804582657 0.4169508491
0.0024001836 13030.1636878508 0.4169508491
0.0024486703 13252.1036622956 0.4169508491
0.0024981368 13477.0074027338 0.4169508491
0.0025486024 13704.8802961224 0.4169508491
0.0026000876 13935.7261613943 0.4169508491
0.0026526127 14169.5472554090 0.4169508491
0.0027061990 14406.3441081529 0.4169508491
0.0027608678 14646.1157270213 0.4169508491
0.0028166410 14888.8585085958 0.4169508491
0.0028735411 15134.5674104753 0.4169508491
0.0029315902 15383.2352959233 0.4169508491
0.0029908123 15634.8529362543 0.4169508491
0.0030512305 15889.4089437417 0.4169508491
0.0031128693 16146.8896581112 0.4169508491
0.0031757534 16407.2790389641 0.4169508491
0.0032399094 16670.5585613180 0.4169508491
0.0033053600 16936.7071639048 0.4169508491
0.0033721325 17205.7013179812 0.4169508491
0.0034402539 17477.5145806465 0.4169508491
0.0035097520 17752.1177164359 0.4169508491
0.0035806533 18029.4786667193 0.4169508491
0.0036529873 18309.5622495424 0.4169508491
0.0037267825 18592.3302359602 0.4169508491
0.0038020683 18877.7412035790 0.4169508491
0.0038788749 19165.7503747674 0.4169508491
0.0039572334 19456.3096087571 0.4169508491
0.0040371749 19749.3671933426 0.4169508491
0.0041187312 20044.8679072012 0.4169508491
0.0042019351 20342.7528732931 0.4169508491
0.0042868196 20642.9592719327 0.4169508491
0.0043734191 20945.4203640656 0.4169508491
0.0044617681 21250.0653280211 0.4169508491
0.0045519015 21556.8191442694 0.4169508491
0.0046438561 21865.6025345376 0.4169508491
0.0047376682 22176.3316337336 0.4169508491
0.0048333751 22488.9180632242 0.4169508491
0.0049310154 22803.2686733718 0.4169508491
0.0050306288 23119.2855934755 0.4169508491
0.0051322542 23436.8658191309 0.4169508491
0.0052359323 23755.9012928025 0.4169508491
0.0053417077 24076.2787722172 0.4169508491
0.0054496173 24397.8794418683 0.4169508491
0.0055597061 24720.5788954333 0.4169508491
0.0056720199 25044.2470794658 0.4169508491
0.0057866024 25368.7484408947 0.4169508491
0.0059034997 25693.9394769032 0.4169508491
0.0060227579 26019.6776468342 0.4169508491
0.0061444254 26345.7870748818 0.4169508491
0.0062685506 26672.1876400979 0.4169508491
0.0063951840 26998.3964023324 0.4169508491
0.0065243752 27323.3592456691 0.4169508491
0.0066561764 27648.1906155362 0.4169508491
0.0067906398 27972.5304694437 0.4169508491
0.0069278199 28296.2352103878 0.4169508491
0.0070677707 28619.0931553852 0.4169508491
0.0072105490 28940.9018126788 0.4169508491
0.0073562115 29261.4456583446 0.4169508491
0.0075048171 29580.5049210955 0.4169508491
0.0076564243 29897.8436749565 0.4169508491
0.0078110942 30213.2450250542 0.4169508491
0.0079688886 30526.3815738330 0.4169508491
0.0081298705 30837.3102787817 0.4169508491
0.0082941046 31146.6274120376 0.4169508491
0.0084616570 31452.7595569833 0.4169508491
0.0086325929 31755.5936333326 0.4169508491
0.0088069830 32054.7836718371 0.4169508491
0.0089849001 32350.0341326279 0.4169508491
0.0091664065 32641.0213018739 0.4169508491
0.0093515804 32927.4206424978 0.4169508491
0.0095404945 33208.8750010283 0.4169508491
0.0097332252 33485.0937994151 0.4169508491
0.0099298488 33755.4775699090 0.4169508491
0.0101304455 34019.0073664252 0.4169508491
0.0103350934 34276.2925667620 0.4169508491
0.0105438754 34526.8063880502 0.4169508491
0.0107568763 34770.1788332945 0.4169508491
0.0109741800 35005.9901638866 0.4169508491
0.0111958720 35233.8344769747 0.4169508491
0.0114220437 35453.2487634267 0.4169508491
0.0116527844 35663.7864862400 0.4169508491
0.0118881864 35864.9860579118 0.4169508491
0.0121283429 36056.3762312079 0.4169508491
0.0123733515 36237.4771297030 0.4169508491
0.0126233092 36407.7967461312 0.4169508491
0.0128783165 36566.8323204255 0.4169508491
0.0131384749 36714.0871835536 0.4169508491
0.0134038907 36849.0517286316 0.4169508491
0.0136746671 36971.2128402660 0.4169508491
0.0139509123 37080.0561096367 0.4169508491
0.0142327398 37175.0643249062 0.4169508491
0.0145202605 37255.7240857850 0.4169508491
0.0148135945 37321.5446981729 0.4169508491
0.0151128490 37372.0372055088 0.4169508491
0.0154181495 37406.7286067081 0.4169508491
0.0157296155 37425.1652324369 0.4169508491
0.0160473678 37426.9157491628 0.4169508491
0.0163715538 37411.5791612501 0.4169508491
0.0167022720 37378.7893301593 0.4169508491
0.0170396883 37328.2212486757 0.4169508491
0.0173839051 37259.5999030134 0.4169508491
0.0177350901 37172.7087752142 0.4169508491
0.0180933550 37067.3851105813 0.4169508491
0.0184588730 36943.5366167749 0.4169508491
0.0188317560 36801.1408540107 0.4169508491
0.0192121938 36640.2541733856 0.4169508491
0.0196003132 36461.0173808965 0.4169508491
0.0199962575 36263.6616582905 0.4169508491
0.0204002168 36048.5225649107 0.4169508491
0.0208123177 35816.0285340783 0.4169508491
0.0212327633 35566.7468751294 0.4169508491
0.0216616839 35301.2074303734 0.4169508491
0.0220992900 35019.8486005300 0.4169508491
0.0225457139 34723.8904618338 0.4169508491
0.0230011772 34414.1775062364 0.4169508491
0.0234658197 34091.6845258470 0.4169508491
0.0239398722 33757.4253058726 0.4169508491
0.0244234782 33412.4693796817 0.4169508491
0.0249168761 33057.9333268033 0.4169508491
0.0254202187 32694.9691782320 0.4169508491
0.0259337537 32324.7460712453 0.4169508491
0.0264576357 31948.4243865105 0.4169508491
0.0269921292 31567.1357079808 0.4169508491
0.0275373906 31181.9673931513 0.4169508491
0.0280936956 30793.9555652784 0.4169508491
0.0286612120 30404.0706744367 0.4169508491
0.0292402208 30013.2129857015 0.4169508491
0.0298308972 29622.1752641627 0.4169508491
0.0304335356 29231.6193922227 0.4169508491
0.0310483202 28842.0577566432 0.4169508491
0.0316755511 28453.8528654785 0.4169508491
0.0323154554 28067.2185624285 0.4169508491
0.0329682529 27682.2289951135 0.4169508491
0.0336342715 27298.8174101162 0.4169508491
0.0343137123 26916.7759333998 0.4169508491
0.0350069106 26535.7575931587 0.4169508491
0.0357140787 26155.2832268980 0.4169508491
0.0364355668 25774.7673930948 0.4169508491
0.0371715985 25393.5551660055 0.4169508491
0.0379225314 25010.9745328773 0.4169508491
0.0386885963 24626.3832161139 0.4169508491
0.0394701771 24239.2143648667 0.4169508491
0.0402675085 23849.0172440404 0.4169508491
0.0410809852 23455.4991322403 0.4169508491
0.0419108532 23058.5661341679 0.4169508491
0.0427575298 22658.3549036968 0.4169508491
0.0436212681 22255.2443523395 0.4169508491
0.0445024930 21849.8572005601 0.4169508491
0.0454014838 21443.0372140184 0.4169508491
0.0463186763 21035.8507415413 0.4169508491
0.0472543500 20629.4201602407 0.4169508491
0.0482089706 20225.2603372223 0.4169508491
0.0491828360 19825.3602089894 0.4169508491
0.0501764193 19430.0252017085 0.4169508491
0.0511900224 19040.4808202155 0.4169508491
0.0522241518 18657.5991852050 0.4169508491
0.0532791801 18282.0435877720 0.4169508491
0.0543554612 17914.1928584014 0.4169508491
0.0554535389 17554.1086504496 0.4169508491
0.0565737449 17201.5081407100 0.4169508491
0.0577166378 16855.8177825143 0.4169508491
0.0588825643 16516.2041920099 0.4169508491
0.0600720979 16181.7110333039 0.4169508491
0.0612856038 15851.0820791515 0.4169508491
0.0625236779 15522.7851284859 0.4169508491
0.0637867153 15196.5633316363 0.4169508491
0.0650753230 14871.7237511753 0.4169508491
0.0663898960 14548.0197295728 0.4169508491
0.0677310899 14225.5410273867 0.4169508491
0.0690993145 13904.7277928762 0.4169508491
0.0704952478 13586.3108427037 0.4169508491
0.0719193146 13271.2212841145 0.4169508491
0.0733722150 12960.3912124887 0.4169508491
0.0748543888 12654.7931396907 0.4169508491
0.0763665810 12355.3744908053 0.4169508491
0.0779092535 12062.1589492503 0.4169508491
0.0794831589 11775.2115227773 0.4169508491
0.0810887888 11494.1728081491 0.4169508491
0.0827269256 11218.4105343698 0.4169508491
0.0843980759 10947.0945531783 0.4169508491
0.0861030743 10679.3546744782 0.4169508491
0.0878424197 10414.4517905949 0.4169508491
0.0896169990 10151.9119606220 0.4169508491
0.0914274231 9891.6042133472 0.4169508491
0.0932743400 9633.7409883958 0.4169508491
0.0951586515 9378.8108590369 0.4169508491
0.0970809311 9127.4476937054 0.4169508491
0.0990421399 8880.2624205991 0.4169508491
0.1010428742 8637.7107733073 0.4169508491
0.1030841246 8399.9918338646 0.4169508491
0.1051665172 8167.0118154653 0.4169508491
0.1072910652 7938.4404807368 0.4169508491
0.1094584391 7713.8208209128 0.4169508491
0.1116696969 7492.7166866464 0.4169508491
0.1139255166 7274.8603639254 0.4169508491
0.1162270084 7060.2253551083 0.4169508491
0.1185748950 6849.0213968395 0.4169508491
0.1209703311 6641.6177059029 0.4169508491
0.1234140247 6438.4059374679 0.4169508491
0.1259072125 6239.6825457670 0.4169508491
0.1284506470 6045.5637131370 0.4169508491
0.1310455799 5855.9851445548 0.4169508491
0.1336928159 5670.7688394816 0.4169508491
0.1363936514 5489.7272583129 0.4169508491
0.1391489208 5312.7654982903 0.4169508491
0.1419599801 5139.9237224674 0.4169508491
0.1448276788 4971.3544333460 0.4169508491
0.1477534622 4807.2450297741 0.4169508491
0.1507383436 4647.7315594516 0.4169508491
0.1537833810 4492.8399942757 0.4169508491
0.1568900943 4342.4943507237 0.4169508491
0.1600593925 4196.5606884488 0.4169508491
0.1632928848 4054.9400021907 0.4169508491
0.1665915400 3917.6131110393 0.4169508491
0.1699569970 3784.5308932123 0.4169508491
0.1733902693 3655.6986180259 0.4169508491
0.1768930703 3531.0760808809 0.4169508491
0.1804664433 3410.5649065449 0.4169508491
0.1841122061 3294.0238989556 0.4169508491
0.1878314167 3181.3048557465 0.4169508491
0.1916259527 3072.2802846833 0.4169508491
0.1954969466 2966.8440056122 0.4169508491
0.1994463503 2864.8891947966 0.4169508491
0.2034753263 2766.2870472479 0.4169508491
0.2075859159 2670.8876160237 0.4169508491
0.2117793113 2578.5331748669 0.4169508491
0.2160576284 2489.0761066383 0.4169508491
0.2204221785 2402.3829222080 0.4169508491
0.2248750925 2318.3286771111 0.4169508491
0.2294177711 2236.7874775890 0.4169508491
0.2340524197 2157.6354656284 0.4169508491
0.2387804687 2080.7596929455 0.4169508491
0.2436042875 2006.0640559294 0.4169508491
0.2485255301 1933.4675239486 0.4169508491
0.2535459399 1862.9006990043 0.4169508491
0.2586680055 1794.3043737073 0.4169508491
0.2638933361 1727.6327777527 0.4169508491
0.2692244649 1662.8569459152 0.4169508491
0.2746630013 1599.9620459556 0.4169508491
0.2802117169 1538.9436575679 0.4169508491
0.2858722210 1479.8046379313 0.4169508491
0.2916473746 1422.5527789835 0.4169508491
0.2975388765 1367.1982666656 0.4169508491
0.3035497069 1313.7499348903 0.4169508491
0.3096816540 1262.2118446313 0.4169508491
0.3159377873 1212.5809225795 0.4169508491
0.3223199844 1164.8438592924 0.4169508491
0.3288314342 1118.9757806249 0.4169508491
0.3354741037 1074.9384835193 0.4169508491
0.3422513008 1032.6807015662 0.4169508491
0.3491650522 992.1381825990 0.4169508491
0.3562188148 953.2357725814 0.4169508491
0.3634147346 915.8900397448 0.4169508491
0.3707563579 880.0121610044 0.4169508491
0.3782459497 845.5099478624 0.4169508491
0.3858872056 812.2913908293 0.4169508491
0.3936824799 780.2687956953 0.4169508491
0.4016355574 749.3620668989 0.4169508491
0.4097489119 719.5005923678 0.4169508491
0.4180265963 690.6265947169 0.4169508491
0.4264715016 662.6972301755 0.4169508491
0.4350865781 635.6839820487 0.4169508491
0.4438761175 609.5715354904 0.4169508491
0.4528427422 584.3560887784 0.4169508491
0.4619910121 560.0418857760 0.4169508491
0.4713236094 536.6367420683 0.4169508491
0.4808451831 514.1475338921 0.4169508491
0.4905586839 492.5752140464 0.4169508491
0.5004688501 471.9117350382 0.4169508491
0.5105787516 452.1381449932 0.4169508491
0.5208933353 433.2242839016 0.4169508491
0.5314158201 415.1292238040 0.4169508491
0.5421513915 397.8038437611 0.4169508491
0.5531033278 381.1952014110 0.4169508491
0.5642769933 365.2500344237 0.4169508491
0.5756758451 349.9185214920 0.4169508491
0.5873055458 335.1582604612 0.4169508491
0.5991696119 320.9367064116 0.4169508491
0.6112739444 307.2325319180 0.4169508491
0.6236221194 294.0343756782 0.4169508491
0.6362204552 281.3389876807 0.4169508491
0.6490726471 269.1474302619 0.4169508491
0.6621850729 257.4605113289 0.4169508491
0.6755617261 246.2748556425 0.4169508491
0.6892093420 235.5802556514 0.4169508491
0.7031325698 225.3587716352 0.4169508491
0.7173364758 215.5856269551 0.4169508491
0.7318279147 206.2317194786 0.4169508491
0.7466114759 197.2672297250 0.4169508491
0.7616943717 188.6649651274 0.4169508491
0.7770812511 180.4030801046 0.4169508491
0.7927797437 172.4665916008 0.4169508491
0.8087944984 164.8467962643 0.4169508491
0.8251336217 157.5393715417 0.4169508491
0.8418020010 150.5414141774 0.4169508491
0.8588079810 143.8481961916 0.4169508491
0.8761565685 137.4511980578 0.4169508491
0.8938565254 131.3376625728 0.4169508491
0.9119131565 125.4915944200 0.4169508491
0.9303354025 119.8961564121 0.4169508491
0.9491290450 114.5359419349 0.4169508491
0.9683031440 109.3988660553 0.4169508491
0.9878636599 104.4765380355 0.4169508491
1.0078202486 99.7633648931 0.4169508491
1.0281790495 95.2547861523 0.4169508491
1.0489501953 90.9453389686 0.4169508491
1.0701397657 86.8276311005 0.4169508491
1.0917586088 82.8924091411 0.4169508491
1.1138130426 79.1296534262 0.4169508491
1.1363140345 75.5299926422 0.4169508491
1.1592696905 72.0857737131 0.4169508491
1.1826878786 68.7911479151 0.4169508491
1.2065802813 65.6413954004 0.4169508491
1.2309542894 62.6317775413 0.4169508491
1.2558217049 59.7568428490 0.4169508491
1.2811903954 57.0103589213 0.4169508491
1.3070727587 54.3859267392 0.4169508491
1.3334767818 51.8776539631 0.4169508491
1.3604153395 49.4805624611 0.4169508491
1.3878967762 47.1903950415 0.4169508491
1.4159349203 45.0031279619 0.4169508491
1.4445379972 42.9145347137 0.4169508491
1.4737203121 40.9201419595 0.4169508491
1.5034906864 39.0155245484 0.4169508491
1.5338637829 37.1966399338 0.4169508491
1.5648492575 35.4598599201 0.4169508491
1.5964618921 33.8018232665 0.4169508491
1.6287118196 32.2192038381 0.4169508491
1.6616147757 30.7086468111 0.4169508491
1.6951807737 29.2668640439 0.4169508491
1.7294265032 27.8907936399 0.4169508491
1.7643623352 26.5775966038 0.4169508491
1.8000056744 25.3245654829 0.4169508491
1.8363672495 24.1290468683 0.4169508491
1.8734651804 22.9884595942 0.4169508491
1.9113107920 21.9003443515 0.4169508491
1.9499226809 20.8623622459 0.4169508491
1.9893145561 19.8722819865 0.4169508491
2.0295004845 18.9279672293 0.4169508491
2.0705001354 18.0273727727 0.4169508491
2.1123259068 17.1685408933 0.4169508491
2.1549985409 16.3495978167 0.4169508491
2.1985313892 15.5687503200 0.4169508491
2.2429456711 14.8242824604 0.4169508491
2.2882549763 14.1145524271 0.4169508491
2.3344821930 13.4379895111 0.4169508491
2.3816404343 12.7930911904 0.4169508491
2.4297537804 12.1784203255 0.4169508491
2.4788370132 11.5926024614 0.4169508491
2.5289139748 11.0343232343 0.4169508491
2.5800001621 10.5023258767 0.4169508491
2.6321208477 9.9954088200 0.4169508491
2.6852917671 9.5124233891 0.4169508491
2.7395396233 9.0522715879 0.4169508491
2.7948803902 8.6139039704 0.4169508491
2.8513422012 8.1963175958 0.4169508491
2.9089415073 7.7985540647 0.4169508491
2.9677073956 7.4196976319 0.4169508491
3.0276577473 7.0588733949 0.4169508491
3.0888218880 6.7152455547 0.4169508491
3.1512188911 6.3880157457 0.4169508491
3.2148787975 6.0764214327 0.4169508491
3.2798254490 5.7797343728 0.4169508491
3.3460807800 5.4972591395 0.4169508491
3.4136774540 5.2283317062 0.4169508491
3.4826366901 4.9723180878 0.4169508491
3.5529923439 4.7286130377 0.4169508491
3.6247656345 4.4966387983 0.4169508491
3.6979923248 4.2758439022 0.4169508491
3.7726948261 4.0657020241 0.4169508491
3.8489100933 3.8657108793 0.4169508491
3.9266612530 3.6753911677 0.4169508491
4.0059866905 3.4942855630 0.4169508491
4.0869112015 3.3219577428 0.4169508491
4.1694741249 3.1579914600 0.4169508491
4.2537012100 3.0019896534 0.4169508491
4.3396334648 2.8535735953 0.4169508491
4.4272975922 2.7123820755 0.4169508491
4.5167374611 2.5780706195 0.4169508491
4.6079788208 2.4503107407 0.4169508491
4.7010684013 2.3287892238 0.4169508491
4.7960338593 2.2132074388 0.4169508491
4.8929228783 2.1032806851 0.4169508491
4.9917640686 1.9987375632 0.4169508491
5.0926065445 1.8993193736 0.4169508491
