0.0000053833 38.0363077806 0.4915112767
0.0000054920 38.7736554963 0.4915112767
0.0000056030 39.5252972756 0.4915112767
0.0000057162 40.2915102123 0.4915112767
0.0000058317 41.0725767709 0.4915112767
0.0000059495 41.8687848913 0.4915112767
0.0000060696 42.6804280947 0.4915112767
0.0000061923 43.5078055918 0.4915112767
0.0000063174 44.3512223930 0.4915112767
0.0000064450 45.2109894208 0.4915112767
0.0000065752 46.0874236245 0.4915112767
0.0000067080 46.9808480969 0.4915112767
0.0000068435 47.8915921935 0.4915112767
0.0000069818 48.8199916537 0.4915112767
0.0000071228 49.7663887244 0.4915112767
0.0000072667 50.7311322867 0.4915112767
0.0000074135 51.7145779838 0.4915112767
0.0000075632 52.7170883525 0.4915112767
0.0000077160 53.7390329565 0.4915112767
0.0000078719 54.7807885228 0.4915112767
0.0000080309 55.8427390806 0.4915112767
0.0000081932 56.9252761023 0.4915112767
0.0000083587 58.0287986485 0.4915112767
0.0000085275 59.1537135144 0.4915112767
0.0000086998 60.3004353801 0.4915112767
0.0000088756 61.4693869632 0.4915112767
0.0000090549 62.6609991748 0.4915112767
0.0000092378 63.8757112780 0.4915112767
0.0000094244 65.1139710498 0.4915112767
0.0000096148 66.3762349463 0.4915112767
0.0000098090 67.6629682709 0.4915112767
0.0000100072 68.9746453453 0.4915112767
0.0000102093 70.3117496849 0.4915112767
0.0000104156 71.6747741764 0.4915112767
0.0000106260 73.0642212600 0.4915112767
0.0000108406 74.4806031140 0.4915112767
0.0000110596 75.9244418436 0.4915112767
0.0000112830 77.3962696736 0.4915112767
0.0000115110 78.8966291443 0.4915112767
0.0000117435 80.4260733113 0.4915112767
0.0000119807 81.9851659494 0.4915112767
0.0000122228 83.5744817603 0.4915112767
0.0000124697 85.1946065844 0.4915112767
0.0000127216 86.8461376164 0.4915112767
0.0000129786 88.5296836257 0.4915112767
0.0000132408 90.2458651805 0.4915112767
0.0000135082 91.9953148764 0.4915112767
0.0000137811 93.7786775695 0.4915112767
0.0000140595 95.5966106141 0.4915112767
0.0000143436 97.4497841047 0.4915112767
0.0000146333 99.3388811228 0.4915112767
0.0000149289 101.2645991008 0.4915112767
0.0000152305 103.2276467597 0.4915112767
0.0000155382 105.2287479174 0.4915112767
0.0000158521 107.2686401430 0.4915112767
0.0000161723 109.3480757400 0.4915112767
0.0000164990 111.4678210933 0.4915112767
0.0000168323 113.6286575224 0.4915112767
0.0000171723 115.8313809870 0.4915112767
0.0000175193 118.0768036143 0.4915112767
0.0000178732 120.3657534284 0.4915112767
0.0000182342 122.6990738865 0.4915112767
0.0000186026 125.0776253651 0.4915112767
0.0000189784 127.5022846988 0.4915112767
0.0000193618 129.9739447240 0.4915112767
0.0000197529 132.4935166341 0.4915112767
0.0000201519 135.0619294785 0.4915112767
0.0000205590 137.6801303066 0.4915112767
0.0000209744 140.3490834579 0.4915112767
0.0000213981 143.0697728313 0.4915112767
0.0000218303 145.8432008640 0.4915112767
0.0000222713 148.6703897504 0.4915112767
0.0000227212 151.5523813954 0.4915112767
0.0000231802 154.4902384674 0.4915112767
0.0000236485 157.4850439545 0.4915112767
0.0000241263 160.5379010131 0.4915112767
0.0000246136 163.6499353149 0.4915112767
0.0000251109 166.8222937809 0.4915112767
0.0000256181 170.0561451847 0.4915112767
0.0000261357 173.3526815415 0.4915112767
0.0000266636 176.7131171487 0.4915112767
0.0000272023 180.1386910388 0.4915112767
0.0000277518 183.6306647141 0.4915112767
0.0000283124 187.1903259849 0.4915112767
0.0000288844 190.8189867166 0.4915112767
0.0000294679 194.5179827482 0.4915112767
0.0000300632 198.2886777864 0.4915112767
0.0000306705 202.1324623038 0.4915112767
0.0000312901 206.0507518324 0.4915112767
0.0000319222 210.0449902773 0.4915112767
0.0000325670 214.1166490707 0.4915112767
0.0000332249 218.2672294030 0.4915112767
0.0000338961 222.4982591438 0.4915112767
0.0000345809 226.8112976621 0.4915112767
0.0000352794 231.2079349770 0.4915112767
0.0000359921 235.6897901426 0.4915112767
0.0000367192 240.2585139535 0.4915112767
0.0000374610 244.9157898691 0.4915112767
0.0000382178 249.6633338001 0.4915112767
0.0000389898 254.5028945854 0.4915112767
0.0000397775 259.4362555021 0.4915112767
0.0000405810 264.4652327057 0.4915112767
0.0000414008 269.5916787332 0.4915112767
0.0000422372 274.8174834769 0.4915112767
0.0000430904 280.1445713055 0.4915112767
0.0000439609 285.5749042124 0.4915112767
0.0000448490 291.1104809912 0.4915112767
0.0000457550 296.7533413307 0.4915112767
0.0000466793 302.5055632265 0.4915112767
0.0000476223 308.3692648518 0.4915112767
0.0000485843 314.3466048469 0.4915112767
0.0000495658 320.4397840671 0.4915112767
0.0000505671 326.6510472047 0.4915112767
0.0000515886 332.9826810714 0.4915112767
0.0000526307 339.4370159695 0.4915112767
0.0000536940 346.0164294032 0.4915112767
0.0000547787 352.7233419170 0.4915112767
0.0000558852 359.5602225610 0.4915112767
0.0000570142 366.5295906650 0.4915112767
0.0000581660 373.6340091625 0.4915112767
0.0000593410 380.8760927530 0.4915112767
0.0000605398 388.2585059821 0.4915112767
0.0000617628 395.7839639399 0.4915112767
0.0000630105 403.4552391391 0.4915112767
0.0000642833 411.2751550762 0.4915112767
0.0000655820 419.2465857973 0.4915112767
0.0000669068 427.3724640172 0.4915112767
0.0000682584 435.6557790205 0.4915112767
0.0000696373 444.0995793650 0.4915112767
0.0000710441 452.7069678032 0.4915112767
0.0000724793 461.4811110846 0.4915112767
0.0000739434 470.4252357641 0.4915112767
0.0000754372 479.5426289216 0.4915112767
0.0000769611 488.8366436570 0.4915112767
0.0000785159 498.3106956743 0.4915112767
0.0000801020 507.9682652934 0.4915112767
0.0000817202 517.8129027093 0.4915112767
0.0000833710 527.8482263215 0.4915112767
0.0000850552 538.0779231845 0.4915112767
0.0000867734 548.5057520774 0.4915112767
0.0000885264 559.1355409359 0.4915112767
0.0000903147 569.9711922795 0.4915112767
0.0000921392 581.0166856653 0.4915112767
0.0000940005 592.2760784191 0.4915112767
0.0000958995 603.7535031561 0.4915112767
0.0000978368 615.4531701958 0.4915112767
0.0000998132 627.3793705176 0.4915112767
0.0001018296 639.5364819099 0.4915112767
0.0001038867 651.9289623517 0.4915112767
0.0001059853 664.5613550381 0.4915112767
0.0001081264 677.4382936662 0.4915112767
0.0001103107 690.5644971187 0.4915112767
0.0001125391 703.9447731098 0.4915112767
0.0001148125 717.5840261259 0.4915112767
0.0001171319 731.4872512082 0.4915112767
0.0001194981 745.6595390060 0.4915112767
0.0001219121 760.1060756828 0.4915112767
0.0001243749 774.8321494621 0.4915112767
0.0001268874 789.8431477184 0.4915112767
0.0001294507 805.1445622359 0.4915112767
0.0001320658 820.7419867025 0.4915112767
0.0001347338 836.6411207561 0.4915112767
0.0001374556 852.8477739100 0.4915112767
0.0001402323 869.3678641172 0.4915112767
0.0001430652 886.2074183233 0.4915112767
0.0001459553 903.3725872162 0.4915112767
0.0001489038 920.8696328053 0.4915112767
0.0001519119 938.7049268816 0.4915112767
0.0001549807 956.8849730623 0.4915112767
0.0001581115 975.4163952217 0.4915112767
0.0001613056 994.3059438613 0.4915112767
0.0001645641 1013.5604901030 0.4915112767
0.0001678886 1033.1870419641 0.4915112767
0.0001712802 1053.1927336223 0.4915112767
0.0001747402 1073.5848287555 0.4915112767
0.0001782702 1094.3707332856 0.4915112767
0.0001818715 1115.5579922260 0.4915112767
0.0001855456 1137.1542821671 0.4915112767
0.0001892938 1159.1674282877 0.4915112767
0.0001931178 1181.6054097407 0.4915112767
0.0001970190 1204.4763440394 0.4915112767
0.0002009991 1227.7884989118 0.4915112767
0.0002050596 1251.5502952561 0.4915112767
0.0002092020 1275.7703121632 0.4915112767
0.0002134282 1300.4572868887 0.4915112767
0.0002177398 1325.6201129434 0.4915112767
0.0002221384 1351.2678540517 0.4915112767
0.0002266259 1377.4097368622 0.4915112767
0.0002312040 1404.0551479490 0.4915112767
0.0002358747 1431.2136505978 0.4915112767
0.0002406396 1458.8949833022 0.4915112767
0.0002455009 1487.1090619025 0.4915112767
0.0002504603 1515.8659724731 0.4915112767
0.0002555199 1545.1759857314 0.4915112767
0.0002606818 1575.0495687310 0.4915112767
0.0002659479 1605.4973652341 0.4915112767
0.0002713204 1636.5302067991 0.4915112767
0.0002768014 1668.1591302868 0.4915112767
0.0002823932 1700.3953600509 0.4915112767
0.0002880979 1733.2503116906 0.4915112767
0.0002939179 1766.7356034843 0.4915112767
0.0002998555 1800.8630613705 0.4915112767
0.0003059129 1835.6447190709 0.4915112767
0.0003120928 1871.0928158634 0.4915112767
0.0003183975 1907.2198017309 0.4915112767
0.0003248295 1944.0383332366 0.4915112767
0.0003313915 1981.5613027517 0.4915112767
0.0003380860 2019.8018137202 0.4915112767
0.0003449158 2058.7731933128 0.4915112767
0.0003518836 2098.4889853230 0.4915112767
0.0003589921 2138.9629615886 0.4915112767
0.0003662442 2180.2091429073 0.4915112767
0.0003736428 2222.2417661758 0.4915112767
0.0003811909 2265.0753011631 0.4915112767
0.0003888915 2308.7244595240 0.4915112767
0.0003967476 2353.2041959063 0.4915112767
0.0004047624 2398.5297088493 0.4915112767
0.0004129393 2444.7164475428 0.4915112767
0.0004212813 2491.7800744988 0.4915112767
0.0004297917 2539.7365448880 0.4915112767
0.0004384741 2588.6020502336 0.4915112767
0.0004473318 2638.3930297308 0.4915112767
0.0004563685 2689.1262010727 0.4915112767
0.0004655877 2740.8185321415 0.4915112767
0.0004749932 2793.4872234532 0.4915112767
0.0004845887 2847.1497536581 0.4915112767
0.0004943780 2901.8238842963 0.4915112767
0.0005043651 2957.5276218749 0.4915112767
0.0005145540 3014.2792329246 0.4915112767
0.0005249487 3072.0972692241 0.4915112767
0.0005355533 3131.0005694328 0.4915112767
0.0005463722 3191.0082024133 0.4915112767
0.0005574097 3252.1395244473 0.4915112767
0.0005686701 3314.4141830907 0.4915112767
0.0005801580 3377.8520800385 0.4915112767
0.0005918779 3442.4734003811 0.4915112767
0.0006038346 3508.2986027435 0.4915112767
0.0006160329 3575.3484087427 0.4915112767
0.0006284775 3643.6438338090 0.4915112767
0.0006411736 3713.2061303656 0.4915112767
0.0006541262 3784.0568585580 0.4915112767
0.0006673404 3856.2178542568 0.4915112767
0.0006808215 3929.7111922932 0.4915112767
0.0006945754 4004.5592439370 0.4915112767
0.0007086067 4080.7846082245 0.4915112767
0.0007229215 4158.4101828199 0.4915112767
0.0007375255 4237.4591266969 0.4915112767
0.0007524244 4317.9548539999 0.4915112767
0.0007676244 4399.9210227940 0.4915112767
0.0007831315 4483.3815655518 0.4915112767
0.0007989518 4568.3606300000 0.4915112767
0.0008150917 4654.8826175248 0.4915112767
0.0008315576 4742.9721633494 0.4915112767
0.0008483562 4832.6541530024 0.4915112767
0.0008654941 4923.9536638132 0.4915112767
0.0008829782 5016.8960140663 0.4915112767
0.0009008155 5111.5067464775 0.4915112767
0.0009190132 5207.8115966014 0.4915112767
0.0009375784 5305.8364610195 0.4915112767
0.0009565187 5405.6074602023 0.4915112767
0.0009758417 5507.1509116574 0.4915112767
0.0009955550 5610.4932671582 0.4915112767
0.0010156665 5715.6611324903 0.4915112767
0.0010361844 5822.6812699504 0.4915112767
0.0010571165 5931.5805664712 0.4915112767
0.0010784718 6042.3860786207 0.4915112767
0.0011002583 6155.1248945871 0.4915112767
0.0011224849 6269.8242584741 0.4915112767
0.0011451612 6386.5115027435 0.4915112767
0.0011682949 6505.2139603939 0.4915112767
0.0011918960 6625.9589977070 0.4915112767
0.0012159740 6748.7740768931 0.4915112767
0.0012405382 6873.6866545093 0.4915112767
0.0012655987 7000.7241844042 0.4915112767
0.0012911655 7129.9140555007 0.4915112767
0.0013172487 7261.2836570253 0.4915112767
0.0013438589 7394.8602765574 0.4915112767
0.0013710066 7530.6710843249 0.4915112767
0.0013987029 7668.7432703472 0.4915112767
0.0014269585 7809.1035420798 0.4915112767
0.0014557848 7951.7795223463 0.4915112767
0.0014851936 8096.7934289325 0.4915112767
0.0015151965 8244.1730217795 0.4915112767
0.0015458055 8393.9476482827 0.4915112767
0.0015770328 8546.1423855565 0.4915112767
0.0016088908 8700.7829927474 0.4915112767
0.0016413926 8857.8946804589 0.4915112767
0.0016745509 9017.5022876472 0.4915112767
0.0017083790 9179.6302032906 0.4915112767
0.0017428907 9344.3024519614 0.4915112767
0.0017780993 9511.5425333029 0.4915112767
0.0018140193 9681.3735158045 0.4915112767
0.0018506648 9853.8173843012 0.4915112767
0.0018880507 10028.8979928937 0.4915112767
0.0019261928 10206.6360025015 0.4915112767
0.0019651044 10387.0503449348 0.4915112767
0.0020048020 10570.1611528824 0.4915112767
0.0020453017 10755.9872876789 0.4915112767
0.0020866196 10944.5468048185 0.4915112767
0.0021287720 11135.8569025387 0.4915112767
0.0021717760 11329.9338510294 0.4915112767
0.0022156488 11526.7929085456 0.4915112767
0.0022604079 11726.4484284954 0.4915112767
0.0023060711 11928.9126908698 0.4915112767
0.0023526568 12134.1978537772 0.4915112767
0.0024001836 12342.3152470036 0.4915112767
0.0024486703 12553.2742077181 0.4915112767
0.0024981368 12767.0829050385 0.4915112767
0.0025486024 12983.7480740792 0.4915112767
0.0026000876 13203.2749533343 0.4915112767
0.0026526127 13425.6673905728 0.4915112767
0.0027061990 13650.9275142553 0.4915112767
0.0027608678 13879.0561713572 0.4915112767
0.0028166410 14110.0521636240 0.4915112767
0.0028735411 14343.9122404116 0.4915112767
0.0029315902 14580.6316169823 0.4915112767
0.0029908123 14820.2035147548 0.4915112767
0.0030512305 15062.6190757904 0.4915112767
0.0031128693 15307.8674435258 0.4915112767
0.0031757534 15555.9355090387 0.4915112767
0.0032399094 15806.8078039858 0.4915112767
0.0033053600 16060.4666708889 0.4915112767
0.0033721325 16316.8919447779 0.4915112767
0.0034402539 16576.0608949969 0.4915112767
0.0035097520 16837.9481452160 0.4915112767
0.0035806533 17102.5256831641 0.4915112767
0.0036529873 17369.7626258043 0.4915112767
0.0037267825 17639.6250820309 0.4915112767
0.0038020683 17912.0763274759 0.4915112767
0.0038788749 18187.0765585986 0.4915112767
0.0039572334 18464.5826869337 0.4915112767
0.0040371749 18744.5483357603 0.4915112767
0.0041187312 19026.9238701668 0.4915112767
0.0042019351 19311.6562168262 0.4915112767
0.0042868196 19598.6884661694 0.4915112767
0.0043734191 19887.9600878733 0.4915112767
0.0044617681 20179.4069398493 0.4915112767
0.0045519015 20472.9606644204 0.4915112767
0.0046438561 20768.5489592081 0.4915112767
0.0047376682 21066.0953134604 0.4915112767
0.0048333751 21365.5189252890 0.4915112767
0.0049310154 21666.7344432575 0.4915112767
0.0050306288 21969.6520505481 0.4915112767
0.0051322542 22274.1773542093 0.4915112767
0.0052359323 22580.2108822899 0.4915112767
0.0053417077 22887.6484768399 0.4915112767
0.0054496173 23196.3806735906 0.4915112767
0.0055597061 23506.2927119881 0.4915112767
0.0056720199 23817.2646550502 0.4915112767
0.0057866024 24129.1706514919 0.4915112767
0.0059034997 24441.8802226779 0.4915112767
0.0060227579 24755.2526448915 0.4915112767
0.0061444254 25069.1586335267 0.4915112767
0.0062685506 25383.3968607613 0.4915112767
0.0063951840 25698.0081515175 0.4915112767
0.0065243752 26011.8496698303 0.4915112767
0.0066561764 26325.0356985866 0.4915112767
0.0067906398 26638.0910578111 0.4915112767
0.0069278199 26950.6705547454 0.4915112767
0.0070677707 27262.6345176104 0.4915112767
0.0072105490 27573.7784565559 0.4915112767
0.0073562115 27883.9062740450 0.4915112767
0.0075048171 28192.8092094112 0.4915112767
0.0076564243 28500.2764491148 0.4915112767
0.0078110942 28806.0716584606 0.4915112767
0.0079688886 29110.0159500332 0.4915112767
0.0081298705 29411.6748294943 0.4915112767
0.0082941046 29711.7735437841 0.4915112767
0.0084616570 30009.7582941553 0.4915112767
0.0086325929 30304.6615097933 0.4915112767
0.0088069830 30596.3708698855 0.4915112767
0.0089849001 30884.5518947247 0.4915112767
0.0091664065 31168.9185801513 0.4915112767
0.0093515804 31449.1555166662 0.4915112767
0.0095404945 31724.9548835994 0.4915112767
0.0097332252 31995.9468689159 0.4915112767
0.0099298488 32261.9396894996 0.4915112767
0.0101304455 32521.8445693885 0.4915112767
0.0103350934 32775.5367916755 0.4915112767
0.0105438754 33023.1791209607 0.4915112767
0.0107568763 33264.2650057404 0.4915112767
0.0109741800 33498.4328790415 0.4915112767
0.0111958720 33725.2903884012 0.4915112767
0.0114220437 33944.4222763223 0.4915112767
0.0116527844 34155.3908899582 0.4915112767
0.0118881864 34357.7640394700 0.4915112767
0.0121283429 34551.0950548393 0.4915112767
0.0123733515 34734.9287618572 0.4915112767
0.0126233092 34908.8015738033 0.4915112767
0.0128783165 35072.2351518145 0.4915112767
0.0131384749 35224.7504351657 0.4915112767
0.0134038907 35365.8663585626 0.4915112767
0.0136746671 35495.0908175734 0.4915112767
0.0139509123 35611.9325830619 0.4915112767
0.0142327398 35715.8876351080 0.4915112767
0.0145202605 35806.4660066539 0.4915112767
0.0148135945 35883.1870812420 0.4915112767
0.0151128490 35945.5731912280 0.4915112767
0.0154181495 35993.1589118317 0.4915112767
0.0157296155 36025.4947756151 0.4915112767
0.0160473678 36042.1499918643 0.4915112767
0.0163715538 36042.7180829765 0.4915112767
0.0167022720 36026.8220529327 0.4915112767
0.0170396883 35994.1200390708 0.4915112767
0.0173839051 35944.3142844158 0.4915112767
0.0177350901 35877.1541380011 0.4915112767
0.0180933550 35792.4408327373 0.4915112767
0.0184588730 35690.0382639450 0.4915112767
0.0188317560 35569.8731946533 0.4915112767
0.0192121938 35431.9426485952 0.4915112767
0.0196003132 35276.3198946729 0.4915112767
0.0199962575 35103.1599763993 0.4915112767
0.0204002168 34912.7081436560 0.4915112767
0.0208123177 34705.3112256915 0.4915112767
0.0212327633 34481.3941348869 0.4915112767
0.0216616839 34241.5596675368 0.4915112767
0.0220992900 33986.1131110945 0.4915112767
0.0225457139 33715.8524446820 0.4915112767
0.0230011772 33431.7934581251 0.4915112767
0.0234658197 33134.7552410606 0.4915112767
0.0239398722 32825.6796416950 0.4915112767
0.0244234782 32505.5427050825 0.4915112767
0.0249168761 32175.3747222817 0.4915112767
0.0254202187 31836.2470450278 0.4915112767
0.0259337537 31489.2613657977 0.4915112767
0.0264576357 31135.5274680942 0.4915112767
0.0269921292 30776.1411336303 0.4915112767
0.0275373906 30412.1659611417 0.4915112767
0.0280936956 30044.6206105222 0.4915112767
0.0286612120 29674.4692154105 0.4915112767
0.0292402208 29302.6153420187 0.4915112767
0.0298308972 28929.8839911753 0.4915112767
0.0304335356 28556.9943214587 0.4915112767
0.0310483202 28184.5312294589 0.4915112767
0.0316755511 27812.9372938903 0.4915112767
0.0323154554 27442.5093770076 0.4915112767
0.0329682529 27073.4065147199 0.4915112767
0.0336342715 26705.6523262496 0.4915112767
0.0343137123 26339.1371102362 0.4915112767
0.0350069106 25973.6194245862 0.4915112767
0.0357140787 25608.7265742497 0.4915112767
0.0364355668 25243.9701925037 0.4915112767
0.0371715985 24878.7700641884 0.4915112767
0.0379225314 24512.4979313663 0.4915112767
0.0386885963 24144.5226248518 0.4915112767
0.0394701771 23774.2579501492 0.4915112767
0.0402675085 23401.2012058225 0.4915112767
0.0410809852 23024.9771174682 0.4915112767
0.0419108532 22645.3771881643 0.4915112767
0.0427575298 22262.3964620931 0.4915112767
0.0436212681 21876.2553622986 0.4915112767
0.0445024930 21487.4051446451 0.4915112767
0.0454014838 21096.5256630522 0.4915112767
0.0463186763 20704.4904477120 0.4915112767
0.0472543500 20312.4045946539 0.4915112767
0.0482089706 19921.2785474403 0.4915112767
0.0491828360 19533.1297817560 0.4915112767
0.0501764193 19149.0042211836 0.4915112767
0.0511900224 18769.5427482304 0.4915112767
0.0522241518 18395.8597881014 0.4915112767
0.0532791801 18028.7086752264 0.4915112767
0.0543554612 17668.6372667596 0.4915112767
0.0554535389 17315.9086824022 0.4915112767
0.0565737449 16970.4686439880 0.4915112767
0.0577166378 16631.9414021720 0.4915112767
0.0588825643 16299.6952409047 0.4915112767
0.0600720979 15972.8470712839 0.4915112767
0.0612856038 15650.5155811126 0.4915112767
0.0625236779 15331.1286163051 0.4915112767
0.0637867153 15013.8492271340 0.4915112767
0.0650753230 14698.2634917661 0.4915112767
0.0663898960 14383.8275479014 0.4915112767
0.0677310899 14070.4403029757 0.4915112767
0.0690993145 13758.3160020335 0.4915112767
0.0704952478 13447.9885938302 0.4915112767
0.0719193146 13140.2397237816 0.4915112767
0.0733722150 12836.0047049551 0.4915112767
0.0748543888 12536.1272439324 0.4915112767
0.0763665810 12241.6959766897 0.4915112767
0.0779092535 11953.1942687535 0.4915112767
0.0794831589 11670.6740648208 0.4915112767
0.0810887888 11394.0685191672 0.4915112767
0.0827269256 11122.9251245889 0.4915112767
0.0843980759 10856.5571401596 0.4915112767
0.0861030743 10594.1397800877 0.4915112767
0.0878424197 10334.8711001242 0.4915112767
0.0896169990 10078.1258276454 0.4915112767
0.0914274231 9823.5691907836 0.4915112767
0.0932743400 9571.2047733555 0.4915112767
0.0951586515 9321.3455841204 0.4915112767
0.0970809311 9074.5304083773 0.4915112767
0.0990421399 8831.3799544997 0.4915112767
0.1010428742 8592.4402414862 0.4915112767
0.1030841246 8358.0670962409 0.4915112767
0.1051665172 8128.3506057399 0.4915112767
0.1072910652 7903.1092240342 0.4915112767
0.1094584391 7681.9665689303 0.4915112767
0.1116696969 7464.4760945935 0.4915112767
0.1139255166 7250.2658530428 0.4915112767
0.1162270084 7039.1637515213 0.4915112767
0.1185748950 6831.2341347361 0.4915112767
0.1209703311 6626.7488558758 0.4915112767
0.1234140247 6426.0872277303 0.4915112767
0.1259072125 6229.6043602696 0.4915112767
0.1284506470 6037.5264421841 0.4915112767
0.1310455799 5849.8994088208 0.4915112767
0.1336928159 5666.6120152755 0.4915112767
0.1363936514 5487.4787654782 0.4915112767
0.1391489208 5312.3438114316 0.4915112767
0.1419599801 5141.1637365364 0.4915112767
0.1448276788 4974.0234493134 0.4915112767
0.1477534622 4811.0941038083 0.4915112767
0.1507383436 4652.5474704503 0.4915112767
0.1537833810 4498.4789749601 0.4915112767
0.1568900943 4348.8737924585 0.4915112767
0.1600593925 4203.6339123780 0.4915112767
0.1632928848 4062.6269590871 0.4915112767
0.1665915400 3925.8038693656 0.4915112767
0.1699569970 3793.1258660120 0.4915112767
0.1733902693 3664.5712658689 0.4915112767
0.1768930703 3540.1370338750 0.4915112767
0.1804664433 3419.7633776327 0.4915112767
0.1841122061 3303.3374536915 0.4915112767
0.1878314167 3190.7165326789 0.4915112767
0.1916259527 3081.7640578895 0.4915112767
0.1954969466 2976.3670656794 0.4915112767
0.1994463503 2874.4253563501 0.4915112767
0.2034753263 2775.8292667862 0.4915112767
0.2075859159 2680.4469252998 0.4915112767
0.2117793113 2588.1283907238 0.4915112767
0.2160576284 2498.7235968272 0.4915112767
0.2204221785 2412.0958699329 0.4915112767
0.2248750925 2328.1208038188 0.4915112767
0.2294177711 2246.6768213919 0.4915112767
0.2340524197 2167.6423730656 0.4915112767
0.2387804687 2090.9007078076 0.4915112767
0.2436042875 2016.3481854653 0.4915112767
0.2485255301 1943.8972962382 0.4915112767
0.2535459399 1873.4746495522 0.4915112767
0.2586680055 1805.0164267564 0.4915112767
0.2638933361 1738.4694542262 0.4915112767
0.2692244649 1673.7954136600 0.4915112767
0.2746630013 1610.9708898145 0.4915112767
0.2802117169 1549.9852426223 0.4915112767
0.2858722210 1490.8364688086 0.4915112767
0.2916473746 1433.5288726437 0.4915112767
0.2975388765 1378.0708456236 0.4915112767
0.3035497069 1324.4718085227 0.4915112767
0.3096816540 1272.7385953360 0.4915112767
0.3159377873 1222.8725025131 0.4915112767
0.3223199844 1174.8665112006 0.4915112767
0.3288314342 1128.7034637540 0.4915112767
0.3354741037 1084.3541085030 0.4915112767
0.3422513008 1041.7767400738 0.4915112767
0.3491650522 1000.9167846322 0.4915112767
0.3562188148 961.7078746684 0.4915112767
0.3634147346 924.0736733022 0.4915112767
0.3707563579 887.9310020461 0.4915112767
0.3782459497 853.1920137727 0.4915112767
0.3858872056 819.7668982363 0.4915112767
0.3936824799 787.5675033163 0.4915112767
0.4016355574 756.5113192024 0.4915112767
0.4097489119 726.5236170639 0.4915112767
0.4180265963 697.5399377666 0.4915112767
0.4264715016 669.5092378019 0.4915112767
0.4350865781 642.3949042246 0.4915112767
0.4438761175 616.1739730297 0.4915112767
0.4528427422 590.8356565925 0.4915112767
0.4619910121 566.3791878511 0.4915112767
0.4713236094 542.8099516914 0.4915112767
0.4808451831 520.1354220199 0.4915112767
0.4905586839 498.3602220263 0.4915112767
0.5004688501 477.4820253340 0.4915112767
0.5105787516 457.4888442643 0.4915112767
0.5208933353 438.3579918042 0.4915112767
0.5314158201 420.0560914217 0.4915112767
0.5421513915 402.5400074310 0.4915112767
0.5531033278 385.7600226817 0.4915112767
0.5642769933 369.6640744779 0.4915112767
0.5756758451 354.2011208044 0.4915112767
0.5873055458 339.3251203993 0.4915112767
0.5991696119 324.9979938382 0.4915112767
0.6112739444 311.1919682793 0.4915112767
0.6236221194 297.8898614642 0.4915112767
0.6362204552 285.0836896998 0.4915112767
0.6490726471 272.7720409665 0.4915112767
0.6621850729 260.9560875320 0.4915112767
0.6755617261 249.6352640859 0.4915112767
0.6892093420 238.8038283891 0.4915112767
0.7031325698 228.4488556572 0.4915112767
0.7173364758 218.5501680775 0.4915112767
0.7318279147 209.0816852167 0.4915112767
0.7466114759 200.0143311025 0.4915112767
0.7616943717 191.3196498790 0.4915112767
0.7770812511 182.9727979717 0.4915112767
0.7927797437 174.9547968904 0.4915112767
0.8087944984 167.2533439759 0.4915112767
0.8251336217 159.8617170113 0.4915112767
0.8418020010 152.7764183113 0.4915112767
0.8588079810 145.9941570792 0.4915112767
0.8761565685 139.5089306108 0.4915112767
0.8938565254 133.3107875880 0.4915112767
0.9119131565 127.3858531049 0.4915112767
0.9303354025 121.7179025573 0.4915112767
0.9491290450 116.2907557133 0.4915112767
0.9683031440 111.0904316622 0.4915112767
0.9878636599 106.1064220664 0.4915112767
1.0078202486 101.3316350652 0.4915112767
1.0281790495 96.7611110255 0.4915112767
1.0489501953 92.3901814643 0.4915112767
1.0701397657 88.2127997897 0.4915112767
1.0917586088 84.2209665392 0.4915112767
1.1138130426 80.4051554965 0.4915112767
1.1363140345 76.7556320050 0.4915112767
1.1592696905 73.2637646217 0.4915112767
1.1826878786 69.9227314365 0.4915112767
1.2065802813 66.7272948492 0.4915112767
1.2309542894 63.6728814966 0.4915112767
1.2558217049 60.7546095346 0.4915112767
1.2811903954 57.9667940347 0.4915112767
1.3070727587 55.3031827152 0.4915112767
1.3334767818 52.7575914643 0.4915112767
1.3604153395 50.3245555165 0.4915112767
1.3878967762 47.9994784963 0.4915112767
1.4159349203 45.7783160888 0.4915112767
1.4445379972 43.6570530284 0.4915112767
1.4737203121 41.6314139401 0.4915112767
1.5034906864 39.6969823223 0.4915112767
1.5338637829 37.8495269861 0.4915112767
1.5648492575 36.0852145335 0.4915112767
1.5964618921 34.4006018067 0.4915112767
1.6287118196 32.7924118059 0.4915112767
1.6616147757 31.2573507197 0.4915112767
1.6951807737 29.7921171570 0.4915112767
1.7294265032 28.3935572154 0.4915112767
1.7643623352 27.0587386739 0.4915112767
1.8000056744 25.7849212920 0.4915112767
1.8363672495 24.5694614591 0.4915112767
1.8734651804 23.4097715822 0.4915112767
1.9113107920 22.3033325736 0.4915112767
1.9499226809 21.2477781648 0.4915112767
1.9893145561 20.2408489194 0.4915112767
2.0295004845 19.2803812455 0.4915112767
2.0705001354 18.3643035725 0.4915112767
2.1123259068 17.4906326669 0.4915112767
2.1549985409 16.6574700839 0.4915112767
2.1985313892 15.8629987498 0.4915112767
2.2429456711 15.1054796713 0.4915112767
2.2882549763 14.3832487672 0.4915112767
2.3344821930 13.6947138188 0.4915112767
2.3816404343 13.0383515352 0.4915112767
2.4297537804 12.4127047292 0.4915112767
2.4788370132 11.8163796003 0.4915112767
2.5289139748 11.2480431214 0.4915112767
2.5800001621 10.7064205256 0.4915112767
2.6321208477 10.1902928893 0.4915112767
2.6852917671 9.6984948089 0.4915112767
2.7395396233 9.2299121669 0.4915112767
2.7948803902 8.7834799860 0.4915112767
2.8513422012 8.3581803660 0.4915112767
2.9089415073 7.9530405019 0.4915112767
2.9677073956 7.5671307807 0.4915112767
3.0276577473 7.1995629522 0.4915112767
3.0888218880 6.8494883733 0.4915112767
3.1512188911 6.5160963221 0.4915112767
3.2148787975 6.1986123788 0.4915112767
3.2798254490 5.8962968725 0.4915112767
3.3460807800 5.6084433896 0.4915112767
3.4136774540 5.3343773427 0.4915112767
3.4826366901 5.0734545982 0.4915112767
3.5529923439 4.8250601588 0.4915112767
3.6247656345 4.5886069002 0.4915112767
3.6979923248 4.3635343597 0.4915112767
3.7726948261 4.1493075742 0.4915112767
3.8489100933 3.9454159663 0.4915112767
3.9266612530 3.7513722767 0.4915112767
4.0059866905 3.5667115405 0.4915112767
4.0869112015 3.3909901063 0.4915112767
4.1694741249 3.2237846961 0.4915112767
4.2537012100 3.0646915050 0.4915112767
4.3396334648 2.9133253384 0.4915112767
4.4272975922 2.7693187853 0.4915112767
4.5167374611 2.6323214270 0.4915112767
4.6079788208 2.5019990794 0.4915112767
4.7010684013 2.3780330668 0.4915112767
4.7960338593 2.2601195277 0.4915112767
4.8929228783 2.1479687492 0.4915112767
4.9917640686 2.0413045307 0.4915112767
5.0926065445 1.9398635747 0.4915112767
