#  k [h/Mpc]          Pk/s8^2 [Mpc/h]^3          s8
5.3832945923204525e-6	39.03648432955799	0.45397825260605046
5.492044692800844e-6	39.793220342935896	0.45397825260605046
5.602991222986015e-6	40.564631109977796	0.45397825260605046
5.71617920286372e-6	41.3509973230503	0.45397825260605046
5.831653652421664e-6	42.15260709277124	0.45397825260605046
5.949460501142307e-6	42.96975411947654	0.45397825260605046
6.069647952244846e-6	43.80274712577825	0.45397825260605046
6.192262844706423e-6	44.65187530432469	0.45397825260605046
6.3173547459882735e-6	45.517473738074656	0.45397825260605046
6.4449741330463515e-6	46.39985542676489	0.45397825260605046
6.575171028089249e-6	47.299338559973755	0.45397825260605046
6.707998181809679e-6	48.21625936732428	0.45397825260605046
6.8435087996476796e-6	49.150956373158	0.45397825260605046
6.981756541790679e-6	50.10376342537064	0.45397825260605046
7.122797342162812e-6	51.07504994018264	0.45397825260605046
7.2666875894355986e-6	52.06516694281371	0.45397825260605046
7.413485036522603e-6	53.07448077688979	0.45397825260605046
7.5632465268427074e-6	54.103339344004446	0.45397825260605046
7.716034815530298e-6	55.1521638552941	0.45397825260605046
7.871908564993646e-6	56.22131303816284	0.45397825260605046
8.030931894609227e-6	57.311185196185015	0.45397825260605046
8.193167559511487e-6	58.42219202295838	0.45397825260605046
8.358680133824245e-6	59.55473307411293	0.45397825260605046
8.527536920155397e-6	60.70923335622664	0.45397825260605046
8.699804311618209e-6	61.886110601137105	0.45397825260605046
8.875552339304699e-6	63.085793173496654	0.45397825260605046
9.054850124812226e-6	64.30874134513274	0.45397825260605046
9.237770427716884e-6	65.55538646191363	0.45397825260605046
9.42438600759488e-6	66.82621237839797	0.45397825260605046
9.614770533517013e-6	68.12165804028093	0.45397825260605046
9.809003131522333e-6	69.44223997482389	0.45397825260605046
0.000010007157470681691	70.78839358655748	0.45397825260605046
0.000010209315405518282	72.16066198837531	0.45397825260605046
0.000010415557881060505	73.55953711407479	0.45397825260605046
0.000010625965842336889	74.98551369231735	0.45397825260605046
0.000010840623872354637	76.43914090031403	0.45397825260605046
0.000011059620192099837	77.92094407816573	0.45397825260605046
0.000011283037565590357	79.43145239706574	0.45397825260605046
0.00001151097148976987	80.97128100426994	0.45397825260605046
0.000011743507457140366	82.5409429049372	0.45397825260605046
0.000011980741874140228	84.14102794788487	0.45397825260605046
0.000012222769328218419	85.77212919364585	0.45397825260605046
0.000012469685316318665	87.43484479833845	0.45397825260605046
0.000012721589882858103	89.1298148839598	0.45397825260605046
0.000012978583072253965	90.85762893185185	0.45397825260605046
0.00001324076765740755	92.61892942760286	0.45397825260605046
0.00001350824913970427	94.4143826124844	0.45397825260605046
0.000013781134839518936	96.24465960504988	0.45397825260605046
0.000014059531167731634	98.11036292779637	0.45397825260605046
0.000014343552720674764	100.01228311780719	0.45397825260605046
0.000014633312275691415	101.95106139910482	0.45397825260605046
0.000014928924429113989	103.92741014030258	0.45397825260605046
0.000015230508324748354	105.94207085270502	0.45397825260605046
0.000015538184015895237	107.99578983663204	0.45397825260605046
0.000015852077922318134	110.08933162331793	0.45397825260605046
0.00001617231100681238	112.22342906506502	0.45397825260605046
0.00001649901241762563	114.39893067164307	0.45397825260605046
0.000016832314940984378	116.61657363642013	0.45397825260605046
0.000017172349544125592	118.87721530755256	0.45397825260605046
0.00001751925447024406	121.18169636516639	0.45397825260605046
0.000017873167962534357	123.53082040050036	0.45397825260605046
0.00001823423008318059	125.92548518504776	0.45397825260605046
0.00001860258453234565	128.36657808748555	0.45397825260605046
0.00001897838228615001	130.8550149713361	0.45397825260605046
0.000019361770682735372	133.3916568363543	0.45397825260605046
0.00001975290433620106	135.97746440261997	0.45397825260605046
0.000020151937860646305	138.61339743723798	0.45397825260605046
0.000020559036784106862	141.30045738642087	0.45397825260605046
0.000020974357539671456	144.03961248795835	0.45397825260605046
0.00002139806747436524	146.83181023127705	0.45397825260605046
0.00002183033575420271	149.6781581143142	0.45397825260605046
0.000022271337002166554	152.57968663440275	0.45397825260605046
0.00002272124766022901	155.53746563030467	0.45397825260605046
0.000023180249627330337	158.55258708518957	0.45397825260605046
0.000023648521164432168	161.62612673590306	0.45397825260605046
0.000024126253265421855	164.75926401879053	0.45397825260605046
0.000024613633286207908	167.95309501239308	0.45397825260605046
0.000025110863134614195	171.20887696214047	0.45397825260605046
0.000025618135623517467	174.52774660527132	0.45397825260605046
0.00002613565629872031	177.91095627091292	0.45397825260605046
0.000026663634344004078	181.3597672626322	0.45397825260605046
0.000027202273486182104	184.87540212561493	0.45397825260605046
0.000027751795641961548	188.45917277445488	0.45397825260605046
0.000028312419090070806	192.11244215690493	0.45397825260605046
0.000028884367566206482	195.83648703798315	0.45397825260605046
0.000029467868444044133	199.6327241754039	0.45397825260605046
0.000030063161830184968	203.5025690102884	0.45397825260605046
0.000030670478736283224	207.44742981965948	0.45397825260605046
0.000031290062906919034	211.46873748555257	0.45397825260605046
0.000031922165362630026	215.56802410920307	0.45397825260605046
0.000032567033485975116	219.7466592721362	0.45397825260605046
0.000033224929211428355	224.00639069658678	0.45397825260605046
0.000033896121749421555	228.34869016894393	0.45397825260605046
0.00003458086939644997	232.77513821686753	0.45397825260605046
0.00003527944863890294	237.28733372311223	0.45397825260605046
0.0000359921396011487	241.88699197084165	0.45397825260605046
0.00003671922968351278	246.57587478479024	0.45397825260605046
0.000037461006286321215	251.3555864387718	0.45397825260605046
0.00003821776408585719	256.2278904649349	0.45397825260605046
0.00003898981958627702	261.19470583956456	0.45397825260605046
0.00003977746746386408	266.25775371603504	0.45397825260605046
0.000040581024222774465	271.4188896864472	0.45397825260605046
0.000041400813643122085	276.68018293481833	0.45397825260605046
0.00004223716314299965	282.0432820606514	0.45397825260605046
0.00004309041105443616	287.5104178381943	0.45397825260605046
0.00004396089570946057	293.083528617161	0.45397825260605046
0.00004484896271605977	298.7646104701792	0.45397825260605046
0.000045754968596156605	304.55572091257716	0.45397825260605046
0.00004667929169954734	310.4593287649809	0.45397825260605046
0.00004762227399623955	316.47708929667266	0.45397825260605046
0.000048584304749965735	322.6115553934984	0.45397825260605046
0.00004956577686243698	328.86490623611127	0.45397825260605046
0.000050567068683449145	335.2394218355739	0.45397825260605046
0.00005158859130460773	341.7374476759028	0.45397825260605046
0.00005263074854156009	348.3614409156107	0.45397825260605046
0.000053693958761869	355.1137550724002	0.45397825260605046
0.00005477865124703387	361.9969753232325	0.45397825260605046
0.00005588524800259622	369.0134861875004	0.45397825260605046
0.00005701420377590698	376.1660505500504	0.45397825260605046
0.00005816596967633813	383.4571695777536	0.45397825260605046
0.0000593409968132619	390.8895993189943	0.45397825260605046
0.00006053977995179594	398.46607072194865	0.45397825260605046
0.00006176275928737601	406.1893171178808	0.45397825260605046
0.00006301045505097132	414.0621537823483	0.45397825260605046
0.00006428334745578468	422.0875584103187	0.45397825260605046
0.00006558195309480648	430.26850718701235	0.45397825260605046
0.00006690679583698507	438.6078903053155	0.45397825260605046
0.00006825839955126868	447.10879607812683	0.45397825260605046
0.0000696373099344782	455.7744785539605	0.45397825260605046
0.00007104407268343497	464.6079325867957	0.45397825260605046
0.00007247926259879031	473.61271030591973	0.45397825260605046
0.00007394343992928044	482.7918118263192	0.45397825260605046
0.00007543719402747222	492.1487355770895	0.45397825260605046
0.00007696112152189019	501.6867803927199	0.45397825260605046
0.00007851585542084646	511.4098085264954	0.45397825260605046
0.00008010198507690791	521.3211262992878	0.45397825260605046
0.00008172015077434479	531.4242701323985	0.45397825260605046
0.00008337100734934218	541.7232605953612	0.45397825260605046
0.00008505520963808526	552.221591194056	0.45397825260605046
0.00008677344158058991	562.9233370099595	0.45397825260605046
0.00008852637256495652	573.8321650926571	0.45397825260605046
0.00009031472291098898	584.9524437527306	0.45397825260605046
0.00009213919838657605	596.2880027418694	0.45397825260605046
0.0000940005265874789	607.8429924202912	0.45397825260605046
0.00009589947148924698	619.6217778603356	0.45397825260605046
0.0000978367679635995	631.6287078267295	0.45397825260605046
0.00009981319453800107	643.8678669153506	0.45397825260605046
0.00010182957339566193	656.34430090704	0.45397825260605046
0.00010388666851213194	669.0621528588662	0.45397825260605046
0.00010598531662253655	682.0261322890528	0.45397825260605046
0.0001081263617379591	695.2411223350515	0.45397825260605046
0.00011031066242139786	708.7117456349819	0.45397825260605046
0.00011253908451180906	722.4431400990946	0.45397825260605046
0.0001148125156760216	736.440225675639	0.45397825260605046
0.0001171318799606524	750.7083860110076	0.45397825260605046
0.00011949810141231852	765.2524707275961	0.45397825260605046
0.00012191212590550998	780.0780719544754	0.45397825260605046
0.00012437491386663152	795.1904350322842	0.45397825260605046
0.00012688744754996156	810.5950810244059	0.45397825260605046
0.00012945073831360782	826.2978666259689	0.45397825260605046
0.00013206583389546725	842.3043419114434	0.45397825260605046
0.00013473375292960557	858.6205523320208	0.45397825260605046
0.0001374555577058346	875.2523351255052	0.45397825260605046
0.0001402323250658809	892.2052808372417	0.45397825260605046
0.00014306521916296344	909.4864748032979	0.45397825260605046
0.00014595531683880836	927.1013990422176	0.45397825260605046
0.0001489037967985496	945.05695476491	0.45397825260605046
0.00015191186685115085	963.359891903479	0.45397825260605046
0.0001549806765979156	982.0162461250039	0.45397825260605046
0.00015811149205546807	1001.0332737178531	0.45397825260605046
0.00016130555013660323	1020.4175532065631	0.45397825260605046
0.00016456414596177638	1040.1763367632159	0.45397825260605046
0.00016788860375527314	1060.3174064009108	0.45397825260605046
0.00017128017498180262	1080.8469886803816	0.45397825260605046
0.00017474024207331235	1101.7729513198205	0.45397825260605046
0.0001782702311174945	1123.1029523934105	0.45397825260605046
0.00018187153909821071	1144.844910704992	0.45397825260605046
0.00018554557755123805	1167.0063414783933	0.45397825260605046
0.000189293845323846	1189.59557626534	0.45397825260605046
0.00019311782671138658	1212.6205874954646	0.45397825260605046
0.0001970190496649595	1236.089487282423	0.45397825260605046
0.0002009991003433245	1260.0115692991772	0.45397825260605046
0.00020505955035332585	1284.3947199042611	0.45397825260605046
0.0002092020295094699	1309.2482786800385	0.45397825260605046
0.00021342818217817678	1334.580565668952	0.45397825260605046
0.00021773976914118986	1360.4013735713588	0.45397825260605046
0.00022213840566109866	1386.7193173905723	0.45397825260605046
0.00022662588162347658	1413.544317950096	0.45397825260605046
0.00023120403056964278	1440.8857392818843	0.45397825260605046
0.00023587465693708523	1468.7535110689316	0.45397825260605046
0.00024063963792286832	1497.1578770980436	0.45397825260605046
0.00024550087982788655	1526.1086987464153	0.45397825260605046
0.0002504603180568665	1555.6162694157365	0.45397825260605046
0.00025551993167027804	1585.691099320958	0.45397825260605046
0.00026068178704008444	1616.3442863845287	0.45397825260605046
0.00026594789233058707	1647.586544390793	0.45397825260605046
0.0002713204012252388	1679.4289474136694	0.45397825260605046
0.0002768014383036642	1711.8825591475365	0.45397825260605046
0.00028239324456080816	1744.959804223571	0.45397825260605046
0.00028809794457629323	1778.671173419522	0.45397825260605046
0.0002939179248642178	1813.0294951656906	0.45397825260605046
0.00029985545552335685	1848.046357465985	0.45397825260605046
0.00030591292306780815	1883.733831372062	0.45397825260605046
0.00031209277221932996	1920.1054473577517	0.45397825260605046
0.00031839747680351116	1957.1736827736827	0.45397825260605046
0.00032482951064594074	1994.950645789556	0.45397825260605046
0.0003313914930913598	2033.4506035514137	0.45397825260605046
0.0003380860434845092	2072.6869454361226	0.45397825260605046
0.00034491583937779064	2112.672590523276	0.45397825260605046
0.0003518835874274374	2153.421543329674	0.45397825260605046
0.0003589921107050029	2194.9487384687595	0.45397825260605046
0.00036624420317821194	2237.267498304585	0.45397825260605046
0.00037364283343777077	2280.3931356735875	0.45397825260605046
0.00038119088276289425	2324.3405472497434	0.45397825260605046
0.0003888914943672718	2369.1246219460654	0.45397825260605046
0.00039674757863394927	2414.7603986162476	0.45397825260605046
0.0004047623951919378	2461.2637100966003	0.45397825260605046
0.00041293932008557016	2508.6518000738088	0.45397825260605046
0.00042128126369789226	2556.9384042062516	0.45397825260605046
0.00042979168938472867	2606.140713892057	0.45397825260605046
0.00043847406050190346	2656.2748799030815	0.45397825260605046
0.00044733184040524065	2707.3587549015338	0.45397825260605046
0.0004563684924505651	2759.40898940544	0.45397825260605046
0.0004655877419281751	2812.4432256334712	0.45397825260605046
0.00047499322681687767	2866.477825891365	0.45397825260605046
0.00048458873061463237	2921.5332406701873	0.45397825260605046
0.0004943780368193983	2977.624965156609	0.45397825260605046
0.0005043651326559483	3034.77314302247	0.45397825260605046
0.0005145540344528854	3092.9965071660117	0.45397825260605046
0.0005249487003311518	3152.313492852662	0.45397825260605046
0.0005355533212423326	3212.7421359542573	0.45397825260605046
0.0005463722045533356	3274.3045062380406	0.45397825260605046
0.0005574096576310695	3337.0179786898034	0.45397825260605046
0.0005686701042577629	3400.9047316602914	0.45397825260605046
0.0005801579682156444	3465.983739858596	0.45397825260605046
0.0005918779061175887	3532.2757612464507	0.45397825260605046
0.000603834632784128	3599.8028978680913	0.45397825260605046
0.0006160328630357986	3668.585037588763	0.45397825260605046
0.000628477544523776	3738.6433397850033	0.45397825260605046
0.000641173624899238	3810.0002506955852	0.45397825260605046
0.0006541261682286859	3882.6784083885714	0.45397825260605046
0.0006673403549939396	3956.69922269664	0.45397825260605046
0.000680821540299803	4032.085016487267	0.45397825260605046
0.0006945753702893851	4108.8611394123645	0.45397825260605046
0.0007086067344062027	4187.046646771594	0.45397825260605046
0.0007229215116240086	4266.666140619298	0.45397825260605046
0.0007375255227088933	4347.744131929617	0.45397825260605046
0.0007524244138039651	4430.304434043063	0.45397825260605046
0.0007676244131289421	4514.370685793764	0.45397825260605046
0.0007831314578652384	4599.966594153954	0.45397825260605046
0.0007989517762325708	4687.118435168687	0.45397825260605046
0.0008150916546583177	4775.849819037886	0.45397825260605046
0.0008315575541928413	4866.1861881611785	0.45397825260605046
0.0008483561687171459	4958.152461003085	0.45397825260605046
0.0008654940756969156	5051.775193422352	0.45397825260605046
0.0008829782018437978	5147.079278599657	0.45397825260605046
0.0009008154738694433	5244.091949739696	0.45397825260605046
0.0009190131677314636	5342.837831791185	0.45397825260605046
0.0009375784429721536	5443.345150352731	0.45397825260605046
0.0009565186919644477	5545.6379507532165	0.45397825260605046
0.0009758416563272478	5649.7446267635205	0.45397825260605046
0.000995554961264134	5755.6927565349515	0.45397825260605046
0.0010156665230169888	5863.508069848027	0.45397825260605046
0.0010361843742430204	5973.219947329684	0.45397825260605046
0.0010571165475994349	6084.852489527352	0.45397825260605046
0.0010784717742353684	6198.437575875515	0.45397825260605046
0.001100258319638669	6313.999448299397	0.45397825260605046
0.0011224849149584779	6431.56671989475	0.45397825260605046
0.0011451612226665024	6551.171889169658	0.45397825260605046
0.0011682949261739844	6672.834802396971	0.45397825260605046
0.0011918960371986032	6796.588143587247	0.45397825260605046
0.001215973985381425	6922.459026579476	0.45397825260605046
0.0012405382003635164	7050.474042924522	0.45397825260605046
0.0012655986938625568	7180.664503738131	0.45397825260605046
0.001291165477596223	7313.056150312896	0.45397825260605046
0.001317248679697514	7447.677836888842	0.45397825260605046
0.0013438588939607141	7584.557223563301	0.45397825260605046
0.0013710065977647896	7723.721194275399	0.45397825260605046
0.0013987028505653136	7865.198012067922	0.45397825260605046
0.001426958478987217	8009.016264856025	0.45397825260605046
0.001455784775316715	8155.199492496668	0.45397825260605046
0.0014851936139166357	8303.777497806112	0.45397825260605046
0.0015151965199038384	8454.777473737293	0.45397825260605046
0.0015458054840564715	8608.225296834345	0.45397825260605046
0.0015770328463986507	8764.1477746926	0.45397825260605046
0.001608890830539166	8922.565646568488	0.45397825260605046
0.0016413925914093848	9083.510586224262	0.45397825260605046
0.0016745509346947074	9247.006320935401	0.45397825260605046
0.001708379015326501	9413.072545084027	0.45397825260605046
0.0017428906867280607	9581.73814990801	0.45397825260605046
0.0017780993366613993	9753.024358917017	0.45397825260605046
0.001814019284211099	9926.953885905294	0.45397825260605046
0.001850664848461748	10103.548758340457	0.45397825260605046
0.0018880506977438912	10282.83147404184	0.45397825260605046
0.001926192780956625	10464.824481709058	0.45397825260605046
0.0019651043694466357	10649.542304149114	0.45397825260605046
0.002004801994189619	10837.007334632186	0.45397825260605046
0.0020453017204999924	11027.23935699388	0.45397825260605046
0.0020866196136921644	11220.254001102334	0.45397825260605046
0.002128771971911191	11416.066250880507	0.45397825260605046
0.0021717760246247044	11614.693163041704	0.45397825260605046
0.002215648768469689	11816.150403196596	0.45397825260605046
0.0022604078985750684	12020.450039918496	0.45397825260605046
0.002306071110069751	12227.605561168266	0.45397825260605046
0.002352656796574592	12437.625548438677	0.45397825260605046
0.0024001835845410824	12650.5239286213	0.45397825260605046
0.0024486703332513566	12866.303205366352	0.45397825260605046
0.0024981368333101273	13084.974680820322	0.45397825260605046
0.002548602409660814	13306.541997460348	0.45397825260605046
0.002600087551400067	13531.010068950476	0.45397825260605046
0.002652612747624517	13758.382131827579	0.45397825260605046
0.0027061989530920974	13988.653655048163	0.45397825260605046
0.00276086782105267	14221.829009113542	0.45397825260605046
0.0028166410047560917	14457.90663632951	0.45397825260605046
0.0028735410887748007	14696.878820580667	0.45397825260605046
0.002931590192019938	14938.733211785688	0.45397825260605046
0.002990812296047808	15183.469001722933	0.45397825260605046
0.003051230451092124	15431.073012830726	0.45397825260605046
0.003112869337201119	15681.531732007774	0.45397825260605046
0.003175753401592373	15934.830405210669	0.45397825260605046
0.0032399094197899116	16190.95938176855	0.45397825260605046
0.0033053599763661636	16449.882507282808	0.45397825260605046
0.0033721325453370805	16711.581813796616	0.45397825260605046
0.0034402539022266843	16976.037132358364	0.45397825260605046
0.003509751986712219	17243.220451400677	0.45397825260605046
0.0035806533414870496	17513.092611547105	0.45397825260605046
0.0036529873032122855	17785.63013134748	0.45397825260605046
0.00372678251005709	18060.787656220473	0.45397825260605046
0.003802068298682568	18338.53261493063	0.45397825260605046
0.003878874937072397	18618.81456646427	0.45397825260605046
0.003957233391702177	18901.588364671883	0.45397825260605046
0.004037174861878155	19187.67780822922	0.45397825260605046
0.0041187312453985206	19475.312454674597	0.45397825260605046
0.004201935138553381	19765.275114586795	0.45397825260605046
0.004286819603294133	20057.502470458632	0.45397825260605046
0.004373419098556042	20351.938484152644	0.45397825260605046
0.004461768083274367	20648.504619119296	0.45397825260605046
0.004551901482045649	20947.130061293654	0.45397825260605046
0.0046438560821116	21247.73932239228	0.45397825260605046
0.004737668205052617	21550.244820640808	0.45397825260605046
0.004833375103771686	21854.560091095627	0.45397825260605046
0.004931015428155661	22160.59825834723	0.45397825260605046
0.005030628759413961	22468.2621684986	0.45397825260605046
0.005132254213094711	22777.451362440897	0.45397825260605046
0.005235932301729918	23087.653706257184	0.45397825260605046
0.00534170772880316	23399.5435539102	0.45397825260605046
0.0054496172815561295	23712.611333321907	0.45397825260605046
0.005559706129133701	24026.757684335484	0.45397825260605046
0.005672019906342031	24341.841497913603	0.45397825260605046
0.005786602385342121	24657.733033453602	0.45397825260605046
0.005903499666601419	24974.313713273867	0.45397825260605046
0.0060227578505873715	25291.412320569478	0.45397825260605046
0.006144425366073845	25608.905815677117	0.45397825260605046
0.00626855064183474	25926.623926986867	0.45397825260605046
0.006395183969289065	26244.576147123058	0.45397825260605046
0.0065243751741945735	26562.284151610693	0.45397825260605046
0.006656176410615444	26879.72003778711	0.45397825260605046
0.006790639832615857	27196.706461165442	0.45397825260605046
0.006927819922566412	27513.050440212748	0.45397825260605046
0.00706777069717646	27828.568432503507	0.45397825260605046
0.0072105489671230325	28143.046260532403	0.45397825260605046
0.007356211543083194	28456.280822159777	0.45397825260605046
0.007504817098379136	28767.995697611223	0.45397825260605046
0.007656424306333065	29078.078469957378	0.45397825260605046
0.007811094168573624	29386.253254229217	0.45397825260605046
0.007968888618052008	29692.272307973435	0.45397825260605046
0.008129870519042013	29995.889030256763	0.45397825260605046
0.008294104598462575	30296.855834255446	0.45397825260605046
0.008461656980216507	30594.91313444669	0.45397825260605046
0.008632592856884003	30889.81306512083	0.45397825260605046
0.008806983008980751	31181.252049414114	0.45397825260605046
0.00898490007966757	31468.95550318836	0.45397825260605046
0.009166406467556957	31752.64431733392	0.45397825260605046
0.00935158040374517	32032.0217882098	0.45397825260605046
0.009540494531393048	32306.784481651594	0.45397825260605046
0.009733225218951702	32576.62672852277	0.45397825260605046
0.009929848834872242	32841.21692806803	0.45397825260605046
0.010130445472896097	33100.26476106487	0.45397825260605046
0.010335093364119525	33353.40736353576	0.45397825260605046
0.010543875396251675	33600.31475995837	0.45397825260605046
0.010756876319646837	33840.64382448473	0.45397825260605046
0.010974179953336717	34074.04349297357	0.45397825260605046
0.011195871978998186	34300.14129662146	0.45397825260605046
0.011422043666243548	34518.57595841924	0.45397825260605046
0.011652784422039984	34728.97384056079	0.45397825260605046
0.01188818644732237	34930.95453865252	0.45397825260605046
0.012128342874348162	35124.13870587534	0.45397825260605046
0.012373351491987707	35308.14117482592	0.45397825260605046
0.01262330915778875	35482.5756416593	0.45397825260605046
0.012878316454589362	35647.04519149392	0.45397825260605046
0.013138474896550175	35801.16042256855	0.45397825260605046
0.013403890654444691	35944.518815976895	0.45397825260605046
0.013674667105078695	36076.71674274127	0.45397825260605046
0.01395091228187084	36197.370825742306	0.45397825260605046
0.014232739806175235	36306.07186665223	0.45397825260605046
0.014520260505378241	36402.435865946696	0.45397825260605046
0.014813594520092009	36486.056403576156	0.45397825260605046
0.015112848952412612	36556.56433873447	0.45397825260605046
0.01541814953088761	36613.569681158566	0.45397825260605046
0.01572961546480656	36656.700117171386	0.45397825260605046
0.016047367826104168	36685.5961825114	0.45397825260605046
0.016371553763747222	36699.89031475764	0.45397825260605046
0.016702271997928612	36699.249759324455	0.45397825260605046
0.017039688304066655	36683.32650085779	0.45397825260605046
0.017383905127644535	36651.82615947043	0.45397825260605046
0.0177350901067257	36719.75995041389	0.45397825260605046
0.018093355000019067	36662.65415696337	0.45397825260605046
0.01845887303352356	36589.243432939904	0.45397825260605046
0.0188317559659481	36499.29219194496	0.45397825260605046
0.019212193787097927	36392.570794895386	0.45397825260605046
0.019600313156843185	36268.884036716256	0.45397825260605046
0.01999625749886036	36128.090718583706	0.45397825260605046
0.020400216802954667	35970.02367606406	0.45397825260605046
0.02081231772899627	35794.62045735132	0.45397825260605046
0.02123276330530643	35601.7948981761	0.45397825260605046
0.021661683917045593	35391.56064939759	0.45397825260605046
0.02209929004311561	35163.92203293257	0.45397825260605046
0.0225457139313221	34824.180811148275	0.45397825260605046
0.0230011772364378	34558.85755443539	0.45397825260605046
0.023465819656848904	34276.61751904971	0.45397825260605046
0.023939872160553936	33977.70354570382	0.45397825260605046
0.02442347817122936	33662.45441822274	0.45397825260605046
0.024916876107454307	33331.212054406766	0.45397825260605046
0.02542021870613098	32984.45036308021	0.45397825260605046
0.02593375369906425	32622.625527898537	0.45397825260605046
0.026457635685801506	32246.33078661966	0.45397825260605046
0.026992129161953936	31856.175395238773	0.45397825260605046
0.02753739058971406	31511.810901182384	0.45397825260605046
0.02809369564056396	31096.84797685389	0.45397825260605046
0.028661211952567097	30670.17770952982	0.45397825260605046
0.029240220785140977	30232.627254271494	0.45397825260605046
0.029830897226929658	29785.179369602785	0.45397825260605046
0.030433535575866703	29328.79623537101	0.45397825260605046
0.031048320233821862	28864.56310876051	0.45397825260605046
0.031675551086664214	28393.56154344336	0.45397825260605046
0.0323154553771019	27916.97120701518	0.45397825260605046
0.03296825289726257	27436.01456268276	0.45397825260605046
0.0336342714726925	26951.877206843117	0.45397825260605046
0.034313712269067764	26465.8954685117	0.45397825260605046
0.035006910562515245	25979.704194901668	0.45397825260605046
0.03571407869458197	25493.910982807454	0.45397825260605046
0.036435566842556	25010.144650534516	0.45397825260605046
0.03717159852385521	24529.76571116047	0.45397825260605046
0.037922531366348274	24054.093014711765	0.45397825260605046
0.03868859633803367	23584.455876321772	0.45397825260605046
0.03947017714381218	23121.910169320516	0.45397825260605046
0.04026750847697258	22667.656467464523	0.45397825260605046
0.04108098521828651	22222.7631856268	0.45397825260605046
0.04191085323691369	21788.327134065155	0.45397825260605046
0.04275752976536751	21365.29534614958	0.45397825260605046
0.04362126812338829	20954.611692416653	0.45397825260605046
0.04450249299407004	20557.03711074475	0.45397825260605046
0.045401483774185174	20173.227023705946	0.45397825260605046
0.04631867632269861	19803.70473523673	0.45397825260605046
0.047254350036382675	19448.806667474077	0.45397825260605046
0.04820897057652475	19108.65083424985	0.45397825260605046
0.04918283596634864	18783.307795730954	0.45397825260605046
0.05017641931772231	18472.64323045851	0.45397825260605046
0.05119002237915992	18176.4241619114	0.45397825260605046
0.05222415179014205	17894.179154618418	0.45397825260605046
0.05327918007969856	17625.197481284355	0.45397825260605046
0.05435546115040779	17368.52448013407	0.45397825260605046
0.055453538894653334	17122.744612946095	0.45397825260605046
0.05657374486327172	16886.229833862017	0.45397825260605046
0.057716637849807746	16657.156988600153	0.45397825260605046
0.05888256430625916	16433.728466375112	0.45397825260605046
0.06007209792733193	16226.913267252707	0.45397825260605046
0.0612856037914753	16010.347108724316	0.45397825260605046
0.06252367794513701	15793.194589185585	0.45397825260605046
0.06378671526908877	15573.537880976888	0.45397825260605046
0.06507532298564911	15349.380927684213	0.45397825260605046
0.06638989597558977	15118.6367016221	0.45397825260605046
0.06773108989000319	14879.01273398782	0.45397825260605046
0.06909931451082231	14628.320517880093	0.45397825260605046
0.07049524784088135	14364.626553281363	0.45397825260605046
0.07191931456327437	14086.606977870177	0.45397825260605046
0.07337221503257751	13793.455572245774	0.45397825260605046
0.07485438883304595	13484.808517681473	0.45397825260605046
0.07636658102273942	13160.69899671997	0.45397825260605046
0.07790925353765489	12821.4057701595	0.45397825260605046
0.07948315888643265	12467.60908462412	0.45397825260605046
0.08108878880739212	12100.84148752087	0.45397825260605046
0.08272692561149599	11723.637654357302	0.45397825260605046
0.08439807593822478	11339.276710035012	0.45397825260605046
0.08610307425260545	10951.298526049197	0.45397825260605046
0.08784241974353789	10563.357990560944	0.45397825260605046
0.08961699903011322	10178.977680654267	0.45397825260605046
0.09142742305994035	9801.736114256048	0.45397825260605046
0.09327434003353116	9435.22944409349	0.45397825260605046
0.095158651471138	9083.034017952992	0.45397825260605046
0.09708093106746676	8748.646205416877	0.45397825260605046
0.09904213994741441	8435.107187954922	0.45397825260605046
0.10104287415742877	8144.8132419536205	0.45397825260605046
0.10308412462472913	7879.1872668795895	0.45397825260605046
0.10516651719808581	7638.792484166999	0.45397825260605046
0.10729106515645982	7423.3578781272145	0.45397825260605046
0.10945843905210498	7231.852476435625	0.45397825260605046
0.11166969686746601	7062.423823552425	0.45397825260605046
0.1139255166053772	6912.343141955073	0.45397825260605046
0.11622700840234756	6778.03555613068	0.45397825260605046
0.118574894964695	6655.322422907246	0.45397825260605046
0.12097033113241193	6539.545666973738	0.45397825260605046
0.12341402471065524	6425.721439529282	0.45397825260605046
0.12590721249580386	6308.708882047778	0.45397825260605046
0.12845064699649808	6183.777810782348	0.45397825260605046
0.1310455799102783	6047.180618583124	0.45397825260605046
0.13369281589984897	5896.320743079452	0.45397825260605046
0.1363936513662338	5729.577263230564	0.45397825260605046
0.13914892077445984	5546.812638910367	0.45397825260605046
0.14195998013019562	5349.830965239596	0.45397825260605046
0.1448276787996292	5141.87676194121	0.45397825260605046
0.14775346219539642	4927.015824267621	0.45397825260605046
0.15073834359645846	4710.450661303742	0.45397825260605046
0.15378338098526	4498.207259326738	0.45397825260605046
0.1568900942802429	4295.7277911228375	0.45397825260605046
0.16005939245224	4107.541183170077	0.45397825260605046
0.16329288482666016	3937.2663913029346	0.45397825260605046
0.16659153997898102	3787.098052409516	0.45397825260605046
0.1699569970369339	3657.5883391047128	0.45397825260605046
0.17339026927947998	3547.649940167025	0.45397825260605046
0.17689307034015658	3454.316905021343	0.45397825260605046
0.18046644330024722	3373.311466059953	0.45397825260605046
0.1841122061014175	3299.5345325042645	0.45397825260605046
0.18783141672611237	3227.633542845844	0.45397825260605046
0.1916259527206421	3152.296170304684	0.45397825260605046
0.19549694657325745	3068.989757235454	0.45397825260605046
0.19944635033607477	2975.3177589861707	0.45397825260605046
0.20347532629966736	2870.807365730383	0.45397825260605046
0.20758591592311865	2756.9492717347143	0.45397825260605046
0.21177931129932404	2637.2355152676414	0.45397825260605046
0.2160576283931732	2516.293599395332	0.45397825260605046
0.22042217850685122	2399.350613366085	0.45397825260605046
0.2248750925064087	2290.808797360844	0.45397825260605046
0.22941777110099787	2193.894660722814	0.45397825260605046
0.23405241966247559	2110.069615788535	0.45397825260605046
0.23878046870231626	2038.721571874099	0.45397825260605046
0.2436042875051498	1977.4227099925024	0.45397825260605046
0.2485255300998688	1922.3762895631367	0.45397825260605046
0.25354593992233276	1869.3174358129716	0.45397825260605046
0.2586680054664612	1814.319618576746	0.45397825260605046
0.2638933360576629	1754.5841651364574	0.45397825260605046
0.26922446489334106	1689.301346098074	0.45397825260605046
0.2746630012989044	1619.6241341760501	0.45397825260605046
0.28021171689033514	1548.1520352058456	0.45397825260605046
0.28587222099304194	1478.3341881482947	0.45397825260605046
0.29164737462997437	1413.3122866596052	0.45397825260605046
0.2975388765335083	1355.0525438092293	0.45397825260605046
0.3035497069358826	1304.0281616719947	0.45397825260605046
0.30968165397644043	1258.9964675870654	0.45397825260605046
0.3159377872943878	1217.5552762411894	0.45397825260605046
0.32231998443603516	1177.065032812151	0.45397825260605046
0.3288314342498779	1135.3336475913507	0.45397825260605046
0.33547410368919367	1091.495650592512	0.45397825260605046
0.3422513008117676	1046.1017865356516	0.45397825260605046
0.3491650521755219	1000.7720709633885	0.45397825260605046
0.35621881484985357	957.4632413542801	0.45397825260605046
0.3634147346019745	917.5679305229972	0.45397825260605046
0.3707563579082489	881.4984242938873	0.45397825260605046
0.3782459497451782	848.5439411010217	0.45397825260605046
0.3858872056007385	817.3277032665973	0.45397825260605046
0.39368247985839844	786.4996906569698	0.45397825260605046
0.4016355574131012	755.2985608938916	0.45397825260605046
0.409748911857605	723.8710931451051	0.45397825260605046
0.4180265963077545	693.0273249288392	0.45397825260605046
0.4264715015888214	663.7093186273293	0.45397825260605046
0.43508657813072205	636.4408468752249	0.45397825260605046
0.44387611746788025	611.0849555832617	0.45397825260605046
0.45284274220466614	587.0125712386357	0.45397825260605046
0.46199101209640503	563.550990073541	0.45397825260605046
0.4713236093521118	540.3744800854407	0.45397825260605046
0.480845183134079	517.6099246118076	0.45397825260605046
0.4905586838722229	495.6769196205755	0.45397825260605046
0.5004688501358032	474.89325766327755	0.45397825260605046
0.5105787515640259	455.2925869137767	0.45397825260605046
0.5208933353424072	436.6045601352152	0.45397825260605046
0.5314158201217651	418.51478408835885	0.45397825260605046
0.5421513915061951	400.8992187457074	0.45397825260605046
0.5531033277511597	383.8549684029642	0.45397825260605046
0.5642769932746887	367.5346426541925	0.45397825260605046
0.5756758451461792	352.0049511978657	0.45397825260605046
0.5873055458068848	337.1746529777484	0.45397825260605046
0.5991696119308472	322.9038121455936	0.45397825260605046
0.6112739443778992	309.1170946540786	0.45397825260605046
0.6236221194267273	295.84832403606185	0.45397825260605046
0.6362204551696777	283.14709236765265	0.45397825260605046
0.6490726470947266	271.0054236499044	0.45397825260605046
0.6621850728988647	259.3668742075332	0.45397825260605046
0.6755617260932922	248.18046452978285	0.45397825260605046
0.6892093420028687	237.4301303288016	0.45397825260605046
0.7031325697898865	227.12644002637148	0.45397825260605046
0.7173364758491516	217.2647495075763	0.45397825260605046
0.7318279147148132	207.812245133028	0.45397825260605046
0.746611475944519	198.74439313091275	0.45397825260605046
0.7616943717002869	190.04908263057854	0.45397825260605046
0.7770812511444092	181.71869295515654	0.45397825260605046
0.7927797436714172	173.7395431650215	0.45397825260605046
0.8087944984436035	166.0923015022768	0.45397825260605046
0.8251336216926575	158.764038781102	0.45397825260605046
0.8418020009994507	151.74622148582725	0.45397825260605046
0.8588079810142517	145.02443503029443	0.45397825260605046
0.8761565685272217	138.58818401044948	0.45397825260605046
0.8938565254211426	132.42328243691858	0.45397825260605046
0.9119131565093994	126.52242409010613	0.45397825260605046
0.9303354024887085	120.87342493559028	0.45397825260605046
0.949129045009613	115.46704182042984	0.45397825260605046
0.9683031439781189	110.29202815230289	0.45397825260605046
0.9878636598587036	105.34003748141285	0.45397825260605046
1.0078202486038208	100.60138041409755	0.45397825260605046
1.0281790494918823	96.06797722711684	0.45397825260605046
1.0489501953125	91.73033602343777	0.45397825260605046
1.070139765739441	87.58110288860287	0.45397825260605046
1.0917586088180542	83.61195536964864	0.45397825260605046
1.113813042640686	79.81651400396362	0.45397825260605046
1.136314034461975	76.18625975595633	0.45397825260605046
1.1592696905136108	72.71582188658753	0.45397825260605046
1.1826878786087036	69.3978031993991	0.45397825260605046
1.2065802812576294	66.22594485926675	0.45397825260605046
1.2309542894363403	63.19439489450518	0.45397825260605046
1.255821704864502	60.2963670370844	0.45397825260605046
1.2811903953552246	57.52705306735652	0.45397825260605046
1.3070727586746216	54.88040033761702	0.45397825260605046
1.3334767818450928	52.35130002478939	0.45397825260605046
1.3604153394699097	49.93504222879233	0.45397825260605046
1.3878967761993408	47.62670644893818	0.45397825260605046
1.4159349203109741	45.42158286331155	0.45397825260605046
1.4445379972457886	43.315690188309695	0.45397825260605046
1.4737203121185303	41.30437278902336	0.45397825260605046
1.503490686416626	39.38353067822818	0.45397825260605046
1.5338637828826904	37.549158044519174	0.45397825260605046
1.5648492574691772	35.79768794669605	0.45397825260605046
1.5964618921279907	34.125407254673775	0.45397825260605046
1.6287118196487427	32.529042342410904	0.45397825260605046
1.6616147756576538	31.005142616948238	0.45397825260605046
1.6951807737350464	29.55071509836971	0.45397825260605046
1.7294265031814575	28.16252748109885	0.45397825260605046
1.7643623352050781	26.83777457514765	0.45397825260605046
1.8000056743621826	25.573551371217732	0.45397825260605046
1.8363672494888303	24.36726576866256	0.45397825260605046
1.8734651803970337	23.21628872974201	0.45397825260605046
1.9113107919692993	22.11833957215497	0.45397825260605046
1.9499226808547974	21.070935624899036	0.45397825260605046
1.9893145561218262	20.071804748619712	0.45397825260605046
2.0295004844665527	19.118868899511188	0.45397825260605046
2.070500135421753	18.209953344576274	0.45397825260605046
2.11232590675354	17.343213570363943	0.45397825260605046
2.154998540878296	16.516673192302274	0.45397825260605046
2.19853138923645	15.728618189271833	0.45397825260605046
2.242945671081543	14.97718964612794	0.45397825260605046
2.288254976272583	14.260818419648261	0.45397825260605046
2.334482192993164	13.577865072386547	0.45397825260605046
2.3816404342651367	12.926892802949986	0.45397825260605046
2.4297537803649902	12.306371009875853	0.45397825260605046
2.478837013244629	11.714977657357663	0.45397825260605046
2.528913974761963	11.1513344619177	0.45397825260605046
2.580000162124634	10.614215455197076	0.45397825260605046
2.6321208477020264	10.102371589210533	0.45397825260605046
2.6852917671203613	9.61470260563531	0.45397825260605046
2.7395396232604976	9.150045867539804	0.45397825260605046
2.794880390167236	8.707359276017858	0.45397825260605046
2.8513422012329106	8.285635459710791	0.45397825260605046
2.9089415073394775	7.88391106471849	0.45397825260605046
2.967707395553589	7.501250699279366	0.45397825260605046
3.0276577472686768	7.1367800667552155	0.45397825260605046
3.0888218879699707	6.789654487836914	0.45397825260605046
3.151218891143799	6.459076212397769	0.45397825260605046
3.214878797531128	6.1442642297686385	0.45397825260605046
3.279825448989868	5.844484321488123	0.45397825260605046
3.346080780029297	5.559061124470381	0.45397825260605046
3.413677453994751	5.287298581199052	0.45397825260605046
3.48263669013977	5.028577765934295	0.45397825260605046
3.5529923439025874	4.782261916271792	0.45397825260605046
3.6247656345367427	4.547799899229091	0.45397825260605046
3.6979923248291025	4.324608688606351	0.45397825260605046
3.7726948261260986	4.1121780536047785	0.45397825260605046
3.848910093307495	3.9099815094774946	0.45397825260605046
3.9266612529754643	3.7175575435718895	0.45397825260605046
4.005986690521241	3.5344238858485055	0.45397825260605046
4.086911201477051	3.360157991798898	0.45397825260605046
4.169474124908447	3.194328473898004	0.45397825260605046
4.253701210021973	3.036547283673589	0.45397825260605046
4.339633464813232	2.8864195016345864	0.45397825260605046
4.427297592163086	2.7435965481667646	0.45397825260605046
4.516737461090088	2.6077149414798737	0.45397825260605046
4.607978820800781	2.478455850583679	0.45397825260605046
4.70106840133667	2.355493829617096	0.45397825260605046
4.796033859252931	2.2385374841801755	0.45397825260605046
4.892922878265381	2.127288276129211	0.45397825260605046
4.991764068603515	2.0214840270176073	0.45397825260605046
5.092606544494629	1.920852427362397	0.45397825260605046