0.0000053833 37.9867477331 0.4168664319
0.0000054920 38.7231350549 0.4168664319
0.0000056030 39.4737978100 0.4168664319
0.0000057162 40.2390127309 0.4168664319
0.0000058317 41.0190619142 0.4168664319
0.0000059495 41.8142329246 0.4168664319
0.0000060696 42.6248189008 0.4168664319
0.0000061923 43.4511186636 0.4168664319
0.0000063174 44.2934368260 0.4168664319
0.0000064450 45.1520839055 0.4168664319
0.0000065752 46.0273764385 0.4168664319
0.0000067080 46.9196370970 0.4168664319
0.0000068435 47.8291948073 0.4168664319
0.0000069818 48.7563848716 0.4168664319
0.0000071228 49.7015490913 0.4168664319
0.0000072667 50.6650358928 0.4168664319
0.0000074135 51.6472004565 0.4168664319
0.0000075632 52.6484048469 0.4168664319
0.0000077160 53.6690181467 0.4168664319
0.0000078719 54.7094165923 0.4168664319
0.0000080309 55.7699837131 0.4168664319
0.0000081932 56.8511104719 0.4168664319
0.0000083587 57.9531954098 0.4168664319
0.0000085275 59.0766447928 0.4168664319
0.0000086998 60.2218727611 0.4168664319
0.0000088756 61.3893014824 0.4168664319
0.0000090549 62.5793613070 0.4168664319
0.0000092378 63.7924909266 0.4168664319
0.0000094244 65.0291375357 0.4168664319
0.0000096148 66.2897569966 0.4168664319
0.0000098090 67.5748140075 0.4168664319
0.0000100072 68.8847822734 0.4168664319
0.0000102093 70.2201446807 0.4168664319
0.0000104156 71.5813934755 0.4168664319
0.0000106260 72.9690304446 0.4168664319
0.0000108406 74.3835671004 0.4168664319
0.0000110596 75.8255248696 0.4168664319
0.0000112830 77.2954352853 0.4168664319
0.0000115110 78.7938401826 0.4168664319
0.0000117435 80.3212918986 0.4168664319
0.0000119807 81.8783534755 0.4168664319
0.0000122228 83.4655988685 0.4168664319
0.0000124697 85.0836131569 0.4168664319
0.0000127216 86.7329927600 0.4168664319
0.0000129786 88.4143456566 0.4168664319
0.0000132408 90.1282916089 0.4168664319
0.0000135082 91.8754623914 0.4168664319
0.0000137811 93.6565020231 0.4168664319
0.0000140595 95.4720670050 0.4168664319
0.0000143436 97.3228265621 0.4168664319
0.0000146333 99.2094628895 0.4168664319
0.0000149289 101.1326722975 0.4168664319
0.0000152305 103.0931629554 0.4168664319
0.0000155382 105.0916580456 0.4168664319
0.0000158521 107.1288936905 0.4168664319
0.0000161723 109.2056208948 0.4168664319
0.0000164990 111.3226050633 0.4168664319
0.0000168323 113.4806270210 0.4168664319
0.0000171723 115.6804814832 0.4168664319
0.0000175193 117.9229796889 0.4168664319
0.0000178732 120.2089483382 0.4168664319
0.0000182342 122.5392298286 0.4168664319
0.0000186026 124.9146834127 0.4168664319
0.0000189784 127.3361844833 0.4168664319
0.0000193618 129.8046257352 0.4168664319
0.0000197529 132.3209166441 0.4168664319
0.0000201519 134.8859846059 0.4168664319
0.0000205590 137.5007761432 0.4168664319
0.0000209744 140.1662542543 0.4168664319
0.0000213981 142.8834007828 0.4168664319
0.0000218303 145.6532177962 0.4168664319
0.0000222713 148.4767258157 0.4168664319
0.0000227212 151.3549657698 0.4168664319
0.0000231802 154.2889984895 0.4168664319
0.0000236485 157.2799051320 0.4168664319
0.0000241263 160.3287882305 0.4168664319
0.0000246136 163.4367717104 0.4168664319
0.0000251109 166.6050006049 0.4168664319
0.0000256181 169.8346426507 0.4168664319
0.0000261357 173.1268885215 0.4168664319
0.0000266636 176.4829512133 0.4168664319
0.0000272023 179.9040673627 0.4168664319
0.0000277518 183.3914967386 0.4168664319
0.0000283124 186.9465257456 0.4168664319
0.0000288844 190.5704640675 0.4168664319
0.0000294679 194.2646467656 0.4168664319
0.0000300632 198.0304359889 0.4168664319
0.0000306705 201.8692196449 0.4168664319
0.0000312901 205.7824111334 0.4168664319
0.0000319222 209.7714535008 0.4168664319
0.0000325670 213.8378167159 0.4168664319
0.0000332249 217.9829974192 0.4168664319
0.0000338961 222.2085242575 0.4168664319
0.0000345809 226.5159535738 0.4168664319
0.0000352794 230.9068721593 0.4168664319
0.0000359921 235.3828996546 0.4168664319
0.0000367192 239.9456841203 0.4168664319
0.0000374610 244.5969052496 0.4168664319
0.0000382178 249.3382776458 0.4168664319
0.0000389898 254.1715470325 0.4168664319
0.0000397775 259.0984953730 0.4168664319
0.0000405810 264.1209380258 0.4168664319
0.0000414008 269.2407241372 0.4168664319
0.0000422372 274.4597391126 0.4168664319
0.0000430904 279.7799055563 0.4168664319
0.0000439609 285.2031843551 0.4168664319
0.0000448490 290.7315718379 0.4168664319
0.0000457550 296.3671040260 0.4168664319
0.0000466793 302.1118562576 0.4168664319
0.0000476223 307.9679436133 0.4168664319
0.0000485843 313.9375234789 0.4168664319
0.0000495658 320.0227952350 0.4168664319
0.0000505671 326.2259976537 0.4168664319
0.0000515886 332.5494150519 0.4168664319
0.0000526307 338.9953773015 0.4168664319
0.0000536940 345.5662565360 0.4168664319
0.0000547787 352.2644716329 0.4168664319
0.0000558852 359.0924877724 0.4168664319
0.0000570142 366.0528205125 0.4168664319
0.0000581660 373.1480311669 0.4168664319
0.0000593410 380.3807315545 0.4168664319
0.0000605398 387.7535813885 0.4168664319
0.0000617628 395.2692935508 0.4168664319
0.0000630105 402.9306348313 0.4168664319
0.0000642833 410.7404259174 0.4168664319
0.0000655820 418.7015392609 0.4168664319
0.0000669068 426.8169035281 0.4168664319
0.0000682584 435.0895050854 0.4168664319
0.0000696373 443.5223844610 0.4168664319
0.0000710441 452.1186449784 0.4168664319
0.0000724793 460.8814500101 0.4168664319
0.0000739434 469.8140197019 0.4168664319
0.0000754372 478.9196387393 0.4168664319
0.0000769611 488.2016546350 0.4168664319
0.0000785159 497.6634796875 0.4168664319
0.0000801020 507.3085903748 0.4168664319
0.0000817202 517.1405333822 0.4168664319
0.0000833710 527.1629234637 0.4168664319
0.0000850552 537.3794413919 0.4168664319
0.0000867734 547.7938400786 0.4168664319
0.0000885264 558.4099448822 0.4168664319
0.0000903147 569.2316561922 0.4168664319
0.0000921392 580.2629473485 0.4168664319
0.0000940005 591.5078710688 0.4168664319
0.0000958995 602.9705523699 0.4168664319
0.0000978368 614.6551986193 0.4168664319
0.0000998132 626.5660992589 0.4168664319
0.0001018296 638.7076258201 0.4168664319
0.0001038867 651.0842277648 0.4168664319
0.0001059853 663.7004454378 0.4168664319
0.0001081264 676.5609079111 0.4168664319
0.0001103107 689.6703296600 0.4168664319
0.0001125391 703.0335158746 0.4168664319
0.0001148125 716.6553606430 0.4168664319
0.0001171319 730.5408529365 0.4168664319
0.0001194981 744.6950821570 0.4168664319
0.0001219121 759.1232294844 0.4168664319
0.0001243749 773.8305775618 0.4168664319
0.0001268874 788.8225070281 0.4168664319
0.0001294507 804.1045030837 0.4168664319
0.0001320658 819.6821544653 0.4168664319
0.0001347338 835.5611576024 0.4168664319
0.0001374556 851.7473149839 0.4168664319
0.0001402323 868.2465368843 0.4168664319
0.0001430652 885.0648501205 0.4168664319
0.0001459553 902.2083952074 0.4168664319
0.0001489038 919.6834293437 0.4168664319
0.0001519119 937.4963216245 0.4168664319
0.0001549807 955.6535684317 0.4168664319
0.0001581115 974.1617890666 0.4168664319
0.0001613056 993.0277248679 0.4168664319
0.0001645641 1012.2582453358 0.4168664319
0.0001678886 1031.8603522048 0.4168664319
0.0001712802 1051.8411716846 0.4168664319
0.0001747402 1072.2079661161 0.4168664319
0.0001782702 1092.9681335348 0.4168664319
0.0001818715 1114.1292107470 0.4168664319
0.0001855456 1135.6988758489 0.4168664319
0.0001892938 1157.6849500922 0.4168664319
0.0001931178 1180.0954007219 0.4168664319
0.0001970190 1202.9383409327 0.4168664319
0.0002009991 1226.2220371084 0.4168664319
0.0002050596 1249.9549071032 0.4168664319
0.0002092020 1274.1455249408 0.4168664319
0.0002134282 1298.8026239497 0.4168664319
0.0002177398 1323.9350960598 0.4168664319
0.0002221384 1349.5519961631 0.4168664319
0.0002266259 1375.6625463740 0.4168664319
0.0002312040 1402.2761351800 0.4168664319
0.0002358747 1429.4023239325 0.4168664319
0.0002406396 1457.0508479905 0.4168664319
0.0002455009 1485.2316116555 0.4168664319
0.0002504603 1513.9547140596 0.4168664319
0.0002555199 1543.2304204704 0.4168664319
0.0002606818 1573.0691892142 0.4168664319
0.0002659479 1603.4816718060 0.4168664319
0.0002713204 1634.4786926903 0.4168664319
0.0002768014 1666.0712881501 0.4168664319
0.0002823932 1698.2706884877 0.4168664319
0.0002880979 1731.0883003590 0.4168664319
0.0002939179 1764.5357547140 0.4168664319
0.0002998555 1798.6248799272 0.4168664319
0.0003059129 1833.3676989586 0.4168664319
0.0003120928 1868.7764554503 0.4168664319
0.0003183975 1904.8636099686 0.4168664319
0.0003248295 1941.6418286520 0.4168664319
0.0003313915 1979.1239977449 0.4168664319
0.0003380860 2017.3232220840 0.4168664319
0.0003449158 2056.2528311790 0.4168664319
0.0003518836 2095.9263918664 0.4168664319
0.0003589921 2136.3576741756 0.4168664319
0.0003662442 2177.5606961514 0.4168664319
0.0003736428 2219.5496978595 0.4168664319
0.0003811909 2262.3391653771 0.4168664319
0.0003888915 2305.9438216226 0.4168664319
0.0003967476 2350.3786154102 0.4168664319
0.0004047624 2395.6587563593 0.4168664319
0.0004129393 2441.7996954676 0.4168664319
0.0004212813 2488.8171051172 0.4168664319
0.0004297917 2536.7269529686 0.4168664319
0.0004384741 2585.5454380945 0.4168664319
0.0004473318 2635.2889978683 0.4168664319
0.0004563685 2685.9743546463 0.4168664319
0.0004655877 2737.6184771190 0.4168664319
0.0004749932 2790.2385766216 0.4168664319
0.0004845887 2843.8521383091 0.4168664319
0.0004943780 2898.4769097897 0.4168664319
0.0005043651 2954.1309034961 0.4168664319
0.0005145540 3010.8323900617 0.4168664319
0.0005249487 3068.5999510874 0.4168664319
0.0005355533 3127.4523838080 0.4168664319
0.0005463722 3187.4087522893 0.4168664319
0.0005574097 3248.4884376491 0.4168664319
0.0005686701 3310.7110630889 0.4168664319
0.0005801580 3374.0965291099 0.4168664319
0.0005918779 3438.6650056835 0.4168664319
0.0006038346 3504.4369601591 0.4168664319
0.0006160329 3571.4330949722 0.4168664319
0.0006284775 3639.6743975232 0.4168664319
0.0006411736 3709.1821300174 0.4168664319
0.0006541262 3779.9778352298 0.4168664319
0.0006673404 3852.0833318888 0.4168664319
0.0006808215 3925.5206873400 0.4168664319
0.0006945754 4000.3122431679 0.4168664319
0.0007086067 4076.4805688708 0.4168664319
0.0007229215 4154.0485690553 0.4168664319
0.0007375255 4233.0393890495 0.4168664319
0.0007524244 4313.4764016496 0.4168664319
0.0007676244 4395.3832468286 0.4168664319
0.0007831315 4478.7838597322 0.4168664319
0.0007989518 4563.7023451731 0.4168664319
0.0008150917 4650.1630767336 0.4168664319
0.0008315576 4738.1906777912 0.4168664319
0.0008483562 4827.8099692105 0.4168664319
0.0008654941 4919.0460413013 0.4168664319
0.0008829782 5011.9241950313 0.4168664319
0.0009008155 5106.4699072638 0.4168664319
0.0009190132 5202.7088929905 0.4168664319
0.0009375784 5300.6670322856 0.4168664319
0.0009565187 5400.3703903043 0.4168664319
0.0009758417 5501.8452476814 0.4168664319
0.0009955550 5605.1180120823 0.4168664319
0.0010156665 5710.2152605174 0.4168664319
0.0010361844 5817.1637311959 0.4168664319
0.0010571165 5925.9902786472 0.4168664319
0.0010784718 6036.7218959979 0.4168664319
0.0011002583 6149.3856439140 0.4168664319
0.0011224849 6264.0087108655 0.4168664319
0.0011451612 6380.6183962469 0.4168664319
0.0011682949 6499.2419817002 0.4168664319
0.0011918960 6619.9067878373 0.4168664319
0.0012159740 6742.6402704048 0.4168664319
0.0012405382 6867.4698259402 0.4168664319
0.0012655987 6994.4228633904 0.4168664319
0.0012911655 7123.5267319153 0.4168664319
0.0013172487 7254.8087668791 0.4168664319
0.0013438589 7388.2962370871 0.4168664319
0.0013710066 7524.0162862239 0.4168664319
0.0013987029 7661.9960374581 0.4168664319
0.0014269585 7802.2621545116 0.4168664319
0.0014557848 7944.8422736108 0.4168664319
0.0014851936 8089.7585278684 0.4168664319
0.0015151965 8237.0386288387 0.4168664319
0.0015458055 8386.7119115603 0.4168664319
0.0015770328 8538.8034772741 0.4168664319
0.0016088908 8693.3390246184 0.4168664319
0.0016413926 8850.3437119121 0.4168664319
0.0016745509 9009.8424153323 0.4168664319
0.0017083790 9171.8594741642 0.4168664319
0.0017428907 9336.4188753631 0.4168664319
0.0017780993 9503.5441141840 0.4168664319
0.0018140193 9673.2582499157 0.4168664319
0.0018506648 9845.5833061403 0.4168664319
0.0018880507 10020.5430857253 0.4168664319
0.0019261928 10198.1581973483 0.4168664319
0.0019651044 10378.4476927290 0.4168664319
0.0020048020 10561.4316690807 0.4168664319
0.0020453017 10747.1289349441 0.4168664319
0.0020866196 10935.5576116829 0.4168664319
0.0021287720 11126.7349216482 0.4168664319
0.0021717760 11320.6771617399 0.4168664319
0.0022156488 11517.3996147268 0.4168664319
0.0022604079 11716.9166236641 0.4168664319
0.0023060711 11919.2405441899 0.4168664319
0.0023526568 12124.3835853473 0.4168664319
0.0024001836 12332.3571032685 0.4168664319
0.0024486703 12543.1704432364 0.4168664319
0.0024981368 12756.8318130030 0.4168664319
0.0025486024 12973.3480221934 0.4168664319
0.0026000876 13192.7244272580 0.4168664319
0.0026526127 13414.9648005434 0.4168664319
0.0027061990 13640.0713427067 0.4168664319
0.0027608678 13868.0450208798 0.4168664319
0.0028166410 14098.8846288204 0.4168664319
0.0028735411 14332.5869914833 0.4168664319
0.0029315902 14569.1473905808 0.4168664319
0.0029908123 14808.5591468893 0.4168664319
0.0030512305 15050.8134650584 0.4168664319
0.0031128693 15295.8995493981 0.4168664319
0.0031757534 15543.8043658308 0.4168664319
0.0032399094 15794.5124712171 0.4168664319
0.0033053600 16048.0062471697 0.4168664319
0.0033721325 16304.2657065508 0.4168664319
0.0034402539 16563.2680962322 0.4168664319
0.0035097520 16824.9881142939 0.4168664319
0.0035806533 17089.3978918700 0.4168664319
0.0036529873 17356.4665777574 0.4168664319
0.0037267825 17626.1604020228 0.4168664319
0.0038020683 17898.4427088403 0.4168664319
0.0038788749 18173.2737346548 0.4168664319
0.0039572334 18450.6104348435 0.4168664319
0.0040371749 18730.4066228915 0.4168664319
0.0041187312 19012.6127361949 0.4168664319
0.0042019351 19297.1756643020 0.4168664319
0.0042868196 19584.0387344035 0.4168664319
0.0043734191 19873.1415665913 0.4168664319
0.0044617681 20164.4200795904 0.4168664319
0.0045519015 20457.8060689355 0.4168664319
0.0046438561 20753.2273392068 0.4168664319
0.0047376682 21050.6075393702 0.4168664319
0.0048333751 21349.8660103809 0.4168664319
0.0049310154 21650.9175660394 0.4168664319
0.0050306288 21953.6725396571 0.4168664319
0.0051322542 22258.0365289739 0.4168664319
0.0052359323 22563.9103356577 0.4168664319
0.0053417077 22871.1900272887 0.4168664319
0.0054496173 23179.7662644525 0.4168664319
0.0055597061 23489.5244479478 0.4168664319
0.0056720199 23800.3447016986 0.4168664319
0.0057866024 24112.1014091200 0.4168664319
0.0059034997 24424.6642154285 0.4168664319
0.0060227579 24737.8926255803 0.4168664319
0.0061444254 25051.6574708704 0.4168664319
0.0062685506 25365.7576411977 0.4168664319
0.0063951840 25680.2340040844 0.4168664319
0.0065243752 25993.9445328270 0.4168664319
0.0066561764 26307.0035258319 0.4168664319
0.0067906398 26619.9354936839 0.4168664319
0.0069278199 26932.3955110471 0.4168664319
0.0070677707 27244.2440809332 0.4168664319
0.0072105490 27555.2768765800 0.4168664319
0.0073562115 27865.2980535900 0.4168664319
0.0075048171 28174.0991360949 0.4168664319
0.0076564243 28481.4693898062 0.4168664319
0.0078110942 28787.1725376312 0.4168664319
0.0079688886 29091.0298618281 0.4168664319
0.0081298705 29392.6072824637 0.4168664319
0.0082941046 29692.6296877862 0.4168664319
0.0084616570 29990.5437047604 0.4168664319
0.0086325929 30285.3821794569 0.4168664319
0.0088069830 30577.0329840215 0.4168664319
0.0089849001 30865.1618901380 0.4168664319
0.0091664065 31149.4830388190 0.4168664319
0.0093515804 31429.6812639422 0.4168664319
0.0095404945 31705.4487491716 0.4168664319
0.0097332252 31976.4159759485 0.4168664319
0.0099298488 32242.3913971318 0.4168664319
0.0101304455 32502.2867358030 0.4168664319
0.0103350934 32755.9772421002 0.4168664319
0.0105438754 33003.6256317312 0.4168664319
0.0107568763 33244.7256413819 0.4168664319
0.0109741800 33478.9155390372 0.4168664319
0.0111958720 33705.8033382102 0.4168664319
0.0114220437 33924.9739875269 0.4168664319
0.0116527844 34135.9900668847 0.4168664319
0.0118881864 34338.4192681951 0.4168664319
0.0121283429 34531.8150311798 0.4168664319
0.0123733515 34715.7224485670 0.4168664319
0.0126233092 34889.6779272224 0.4168664319
0.0128783165 35053.2032199114 0.4168664319
0.0131384749 35205.8194189311 0.4168664319
0.0134038907 35347.0456227140 0.4168664319
0.0136746671 35476.3897730407 0.4168664319
0.0139509123 35593.3606005789 0.4168664319
0.0142327398 35697.4540558172 0.4168664319
0.0145202605 35788.1803714909 0.4168664319
0.0148135945 35865.0587696410 0.4168664319
0.0151128490 35927.6114612726 0.4168664319
0.0154181495 35975.3732636233 0.4168664319
0.0157296155 36007.8945816082 0.4168664319
0.0160473678 36024.7442771942 0.4168664319
0.0163715538 36025.5160547268 0.4168664319
0.0167022720 36009.8326567400 0.4168664319
0.0170396883 35977.3519731468 0.4168664319
0.0173839051 35927.7760022980 0.4168664319
0.0177350901 35860.8539029847 0.4168664319
0.0180933550 35776.3866463003 0.4168664319
0.0184588730 35674.2378828725 0.4168664319
0.0188317560 35554.3340460625 0.4168664319
0.0192121938 35416.6716446716 0.4168664319
0.0196003132 35261.3235479802 0.4168664319
0.0199962575 35088.4444652665 0.4168664319
0.0204002168 34898.2791617043 0.4168664319
0.0208123177 34691.1740669584 0.4168664319
0.0212327633 34467.5534119235 0.4168664319
0.0216616839 34228.0193602134 0.4168664319
0.0220992900 33972.8768946285 0.4168664319
0.0225457139 33702.9231535985 0.4168664319
0.0230011772 33419.1730882830 0.4168664319
0.0234658197 33122.4454687561 0.4168664319
0.0239398722 32813.6814222461 0.4168664319
0.0244234782 32493.8562532026 0.4168664319
0.0249168761 32163.9996831991 0.4168664319
0.0254202187 31825.1823782149 0.4168664319
0.0259337537 31478.5056596778 0.4168664319
0.0264576357 31125.0785898145 0.4168664319
0.0269921292 30765.9963618756 0.4168664319
0.0275373906 30402.3222221647 0.4168664319
0.0280936956 30035.0743040979 0.4168664319
0.0286612120 29665.2162827749 0.4168664319
0.0292402208 29293.6514802020 0.4168664319
0.0298308972 28921.2045808684 0.4168664319
0.0304335356 28548.5944501081 0.4168664319
0.0310483202 28176.4058043836 0.4168664319
0.0316755511 27805.0811819681 0.4168664319
0.0323154554 27434.9172673314 0.4168664319
0.0329682529 27066.0729953743 0.4168664319
0.0336342715 26698.5720741487 0.4168664319
0.0343137123 26332.3047957764 0.4168664319
0.0350069106 25967.0298276679 0.4168664319
0.0357140787 25602.3744962728 0.4168664319
0.0364355668 25237.8504784529 0.4168664319
0.0371715985 24872.8778186577 0.4168664319
0.0379225314 24506.8284581900 0.4168664319
0.0386885963 24139.0713093797 0.4168664319
0.0394701771 23769.0203109957 0.4168664319
0.0402675085 23396.1728446642 0.4168664319
0.0410809852 23020.1536112368 0.4168664319
0.0419108532 22640.7540800723 0.4168664319
0.0427575298 22257.9694295616 0.4168664319
0.0436212681 21872.0199473236 0.4168664319
0.0445024930 21483.3567414538 0.4168664319
0.0454014838 21092.6595549578 0.4168664319
0.0463186763 20700.8018169803 0.4168664319
0.0472543500 20308.8883536963 0.4168664319
0.0482089706 19917.9295782377 0.4168664319
0.0491828360 19529.9426796610 0.4168664319
0.0501764193 19145.9734053863 0.4168664319
0.0511900224 18766.6627506527 0.4168664319
0.0522241518 18393.1250447877 0.4168664319
0.0532791801 18026.1136244394 0.4168664319
0.0543554612 17666.1764678167 0.4168664319
0.0554535389 17313.5767639088 0.4168664319
0.0565737449 16968.2604054436 0.4168664319
0.0577166378 16629.8518393960 0.4168664319
0.0588825643 16297.7195907936 0.4168664319
0.0600720979 15970.9808643323 0.4168664319
0.0612856038 15648.7544804963 0.4168664319
0.0625236779 15329.4684963176 0.4168664319
0.0637867153 15012.2862598102 0.4168664319
0.0650753230 14696.7940232313 0.4168664319
0.0663898960 14382.4479410791 0.4168664319
0.0677310899 14069.1469749006 0.4168664319
0.0690993145 13757.1055141207 0.4168664319
0.0704952478 13446.8574709552 0.4168664319
0.0719193146 13139.1845426991 0.4168664319
0.0733722150 12835.0220695832 0.4168664319
0.0748543888 12535.2137167603 0.4168664319
0.0763665810 12240.8482054414 0.4168664319
0.0779092535 11952.4089681178 0.4168664319
0.0794831589 11669.9480639181 0.4168664319
0.0810887888 11393.3987305276 0.4168664319
0.0827269256 11122.3087074801 0.4168664319
0.0843980759 10855.9913266950 0.4168664319
0.0861030743 10593.6219806243 0.4168664319
0.0878424197 10334.3988216535 0.4168664319
0.0896169990 10077.6966639575 0.4168664319
0.0914274231 9823.1808614938 0.4168664319
0.0932743400 9570.8550835462 0.4168664319
0.0951586515 9321.0323666182 0.4168664319
0.0970809311 9074.2515521770 0.4168664319
0.0990421399 8831.1334165843 0.4168664319
0.1010428742 8592.2240423858 0.4168664319
0.1030841246 8357.8792977400 0.4168664319
0.1051665172 8128.1893698397 0.4168664319
0.1072910652 7902.9728312880 0.4168664319
0.1094584391 7681.8533509740 0.4168664319
0.1116696969 7464.3844595887 0.4168664319
0.1139255166 7250.1943073222 0.4168664319
0.1162270084 7039.1108505219 0.4168664319
0.1185748950 6831.1984812560 0.4168664319
0.1209703311 6626.7291557788 0.4168664319
0.1234140247 6426.0822093651 0.4168664319
0.1259072125 6229.6128048004 0.4168664319
0.1284506470 6037.5472209814 0.4168664319
0.1310455799 5849.9314458895 0.4168664319
0.1336928159 5666.6543072239 0.4168664319
0.1363936514 5487.5303535994 0.4168664319
0.1391489208 5312.4037680526 0.4168664319
0.1419599801 5141.2312102638 0.4168664319
0.1448276788 4974.0976596078 0.4168664319
0.1477534622 4811.1742965874 0.4168664319
0.1507383436 4652.6329513550 0.4168664319
0.1537833810 4498.5690784583 0.4168664319
0.1568900943 4348.9678993411 0.4168664319
0.1600593925 4203.7314740475 0.4168664319
0.1632928848 4062.7274597130 0.4168664319
0.1665915400 3925.9068136789 0.4168664319
0.1699569970 3793.2308003048 0.4168664319
0.1733902693 3664.6778039228 0.4168664319
0.1768930703 3540.2447982987 0.4168664319
0.1804664433 3419.8720051788 0.4168664319
0.1841122061 3303.4466428497 0.4168664319
0.1878314167 3190.8260082807 0.4168664319
0.1916259527 3081.8735448009 0.4168664319
0.1954969466 2976.4763293154 0.4168664319
0.1994463503 2874.5341846311 0.4168664319
0.2034753263 2775.9374615690 0.4168664319
0.2075859159 2680.5543035982 0.4168664319
0.2117793113 2588.2347862284 0.4168664319
0.2160576284 2498.8288671351 0.4168664319
0.2204221785 2412.1998776463 0.4168664319
0.2248750925 2328.2234241748 0.4168664319
0.2294177711 2246.7779473245 0.4168664319
0.2340524197 2167.7418986227 0.4168664319
0.2387804687 2090.9985302971 0.4168664319
0.2436042875 2016.4442321447 0.4168664319
0.2485255301 1943.9914886814 0.4168664319
0.2535459399 1873.5669208835 0.4168664319
0.2586680055 1805.1067165260 0.4168664319
0.2638933361 1738.5577085623 0.4168664319
0.2692244649 1673.8815934669 0.4168664319
0.2746630013 1611.0549685515 0.4168664319
0.2802117169 1550.0671947439 0.4168664319
0.2858722210 1490.9162703874 0.4168664319
0.2916473746 1433.6065145909 0.4168664319
0.2975388765 1378.1463264863 0.4168664319
0.3035497069 1324.5451352809 0.4168664319
0.3096816540 1272.8097891242 0.4168664319
0.3159377873 1222.9415895015 0.4168664319
0.3223199844 1174.9335198644 0.4168664319
0.3288314342 1128.7684268974 0.4168664319
0.3354741037 1084.4170671856 0.4168664319
0.3422513008 1041.8377353403 0.4168664319
0.3491650522 1000.9758581789 0.4168664319
0.3562188148 961.7650709004 0.4168664319
0.3634147346 924.1290361548 0.4168664319
0.3707563579 887.9845776973 0.4168664319
0.3782459497 853.2438438963 0.4168664319
0.3858872056 819.8170232467 0.4168664319
0.3936824799 787.6159614073 0.4168664319
0.4016355574 756.5581476796 0.4168664319
0.4097489119 726.5688519723 0.4168664319
0.4180265963 697.5836115280 0.4168664319
0.4264715016 669.5513783234 0.4168664319
0.4350865781 642.4355436099 0.4168664319
0.4438761175 616.2131461697 0.4168664319
0.4528427422 590.8733967005 0.4168664319
0.4619910121 566.4155319542 0.4168664319
0.4713236094 542.8449368241 0.4168664319
0.4808451831 520.1690865290 0.4168664319
0.4905586839 498.3926069123 0.4168664319
0.5004688501 477.5131738306 0.4168664319
0.5105787516 457.5188014316 0.4168664319
0.5208933353 438.3867991970 0.4168664319
0.5314158201 420.0837901516 0.4168664319
0.5421513915 402.5666396470 0.4168664319
0.5531033278 385.7856261217 0.4168664319
0.5642769933 369.6886842272 0.4168664319
0.5756758451 354.2247698527 0.4168664319
0.5873055458 339.3478407903 0.4168664319
0.5991696119 325.0198139383 0.4168664319
0.6112739444 311.2129162684 0.4168664319
0.6236221194 297.9099633128 0.4168664319
0.6362204552 285.1029744552 0.4168664319
0.6490726471 272.7905362967 0.4168664319
0.6621850729 260.9738204986 0.4168664319
0.6755617261 249.6522649648 0.4168664319
0.6892093420 238.8201258470 0.4168664319
0.7031325698 228.4644774624 0.4168664319
0.7173364758 218.5651410396 0.4168664319
0.7318279147 209.0960356162 0.4168664319
0.7466114759 200.0280838755 0.4168664319
0.7616943717 191.3328272669 0.4168664319
0.7770812511 182.9854209031 0.4168664319
0.7927797437 174.9668856414 0.4168664319
0.8087944984 167.2649179609 0.4168664319
0.8251336217 159.8727955260 0.4168664319
0.8418020010 152.7870208727 0.4168664319
0.8588079810 146.0043029280 0.4168664319
0.8761565685 139.5186384088 0.4168664319
0.8938565254 133.3200756724 0.4168664319
0.9119131565 127.3947387664 0.4168664319
0.9303354025 121.7264029214 0.4168664319
0.9491290450 116.2988866386 0.4168664319
0.9683031440 111.0982076198 0.4168664319
0.9878636599 106.1138572657 0.4168664319
1.0078202486 101.3387426853 0.4168664319
1.0281790495 96.7679043004 0.4168664319
1.0489501953 92.3966741635 0.4168664319
1.0701397657 88.2190045416 0.4168664319
1.0917586088 84.2268954617 0.4168664319
1.1138130426 80.4108202281 0.4168664319
1.1363140345 76.7610435361 0.4168664319
1.1592696905 73.2689340572 0.4168664319
1.1826878786 69.9276686184 0.4168664319
1.2065802813 66.7320096921 0.4168664319
1.2309542894 63.6773837109 0.4168664319
1.2558217049 60.7589081859 0.4168664319
1.2811903954 57.9708980626 0.4168664319
1.3070727587 55.3071003264 0.4168664319
1.3334767818 52.7613307592 0.4168664319
1.3604153395 50.3281244472 0.4168664319
1.3878967762 48.0028842434 0.4168664319
1.4159349203 45.7815659106 0.4168664319
1.4445379972 43.6601539294 0.4168664319
1.4737203121 41.6343722330 0.4168664319
1.5034906864 39.6998042785 0.4168664319
1.5338637829 37.8522187821 0.4168664319
1.5648492575 36.0877819332 0.4168664319
1.5964618921 34.4030503552 0.4168664319
1.6287118196 32.7947468537 0.4168664319
1.6616147757 31.2595773578 0.4168664319
1.6951807737 29.7942402237 0.4168664319
1.7294265032 28.3955813288 0.4168664319
1.7643623352 27.0606682137 0.4168664319
1.8000056744 25.7867606724 0.4168664319
1.8363672495 24.5712146745 0.4168664319
1.8734651804 23.4114420632 0.4168664319
1.9113107920 22.3049245125 0.4168664319
1.9499226809 21.2492951342 0.4168664319
1.9893145561 20.2422943373 0.4168664319
2.0295004845 19.2817583815 0.4168664319
2.0705001354 18.3656155534 0.4168664319
2.1123259068 17.4918824830 0.4168664319
2.1549985409 16.6586605943 0.4168664319
2.1985313892 15.8641326879 0.4168664319
2.2429456711 15.1065596497 0.4168664319
2.2882549763 14.3842772831 0.4168664319
2.3344821930 13.6956932585 0.4168664319
2.3816404343 13.0392841788 0.4168664319
2.4297537804 12.4135927551 0.4168664319
2.4788370132 11.8172250894 0.4168664319
2.5289139748 11.2488480613 0.4168664319
2.5800001621 10.7071868145 0.4168664319
2.6321208477 10.1910223398 0.4168664319
2.6852917671 9.6991891515 0.4168664319
2.7395396233 9.2305730538 0.4168664319
2.7948803902 8.7841089943 0.4168664319
2.8513422012 8.3587790009 0.4168664319
2.9089415073 7.9536102001 0.4168664319
2.9677073956 7.5676729128 0.4168664319
3.0276577473 7.2000788262 0.4168664319
3.0888218880 6.8499792370 0.4168664319
3.1512188911 6.5165633657 0.4168664319
3.2148787975 6.1990567377 0.4168664319
3.2798254490 5.8967196295 0.4168664319
3.3460807800 5.6088455772 0.4168664319
3.4136774540 5.3347599456 0.4168664319
3.4826366901 5.0738185551 0.4168664319
3.5529923439 4.8254063645 0.4168664319
3.6247656345 4.5889362079 0.4168664319
3.6979923248 4.3638475825 0.4168664319
3.7726948261 4.1496054871 0.4168664319
3.8489100933 3.9456993078 0.4168664319
3.9266612530 3.7516417506 0.4168664319
4.0059866905 3.5669678173 0.4168664319
4.0869112015 3.3912338248 0.4168664319
4.1694741249 3.2240164649 0.4168664319
4.2537012100 3.0649119039 0.4168664319
4.3396334648 2.9135349194 0.4168664319
4.4272975922 2.7695180744 0.4168664319
4.5167374611 2.6325109250 0.4168664319
4.6079788208 2.5021792632 0.4168664319
4.7010684013 2.3782043906 0.4168664319
4.7960338593 2.2602824238 0.4168664319
4.8929228783 2.1481236291 0.4168664319
4.9917640686 2.0414517864 0.4168664319
5.0926065445 1.9400035791 0.4168664319
