0.0000053833 43.0872620572 0.4523524291
0.0000054920 43.9140921073 0.4523524291
0.0000056030 44.7567890965 0.4523524291
0.0000057162 45.6156575035 0.4523524291
0.0000058317 46.4910076492 0.4523524291
0.0000059495 47.3831558092 0.4523524291
0.0000060696 48.2924243275 0.4523524291
0.0000061923 49.2191417332 0.4523524291
0.0000063174 50.1636428591 0.4523524291
0.0000064450 51.1262689627 0.4523524291
0.0000065752 52.1073678495 0.4523524291
0.0000067080 53.1072939985 0.4523524291
0.0000068435 54.1264086902 0.4523524291
0.0000069818 55.1650801371 0.4523524291
0.0000071228 56.2236836170 0.4523524291
0.0000072667 57.3026016081 0.4523524291
0.0000074135 58.4022239274 0.4523524291
0.0000075632 59.5229478714 0.4523524291
0.0000077160 60.6651783595 0.4523524291
0.0000078719 61.8293280805 0.4523524291
0.0000080309 63.0158176416 0.4523524291
0.0000081932 64.2250757199 0.4523524291
0.0000083587 65.4575392177 0.4523524291
0.0000085275 66.7136534202 0.4523524291
0.0000086998 67.9938721561 0.4523524291
0.0000088756 69.2986579617 0.4523524291
0.0000090549 70.6284822478 0.4523524291
0.0000092378 71.9838254701 0.4523524291
0.0000094244 73.3651773026 0.4523524291
0.0000096148 74.7730368145 0.4523524291
0.0000098090 76.2079126504 0.4523524291
0.0000100072 77.6703232140 0.4523524291
0.0000102093 79.1607968553 0.4523524291
0.0000104156 80.6798720616 0.4523524291
0.0000106260 82.2280976513 0.4523524291
0.0000108406 83.8060329732 0.4523524291
0.0000110596 85.4142481073 0.4523524291
0.0000112830 87.0533240716 0.4523524291
0.0000115110 88.7238530315 0.4523524291
0.0000117435 90.4264385135 0.4523524291
0.0000119807 92.1616956234 0.4523524291
0.0000122228 93.9302512686 0.4523524291
0.0000124697 95.7327443838 0.4523524291
0.0000127216 97.5698261625 0.4523524291
0.0000129786 99.4421602917 0.4523524291
0.0000132408 101.3504231916 0.4523524291
0.0000135082 103.2953042599 0.4523524291
0.0000137811 105.2775061208 0.4523524291
0.0000140595 107.2977448787 0.4523524291
0.0000143436 109.3567503766 0.4523524291
0.0000146333 111.4552664599 0.4523524291
0.0000149289 113.5940525342 0.4523524291
0.0000152305 115.7738796279 0.4523524291
0.0000155382 117.9955364558 0.4523524291
0.0000158521 120.2598251071 0.4523524291
0.0000161723 122.5675634848 0.4523524291
0.0000164990 124.9195854430 0.4523524291
0.0000168323 127.3167413396 0.4523524291
0.0000171723 129.7598950365 0.4523524291
0.0000175193 132.2499311238 0.4523524291
0.0000178732 134.7877487803 0.4523524291
0.0000182342 137.3742646528 0.4523524291
0.0000186026 140.0104132911 0.4523524291
0.0000189784 142.6971471983 0.4523524291
0.0000193618 145.4354362717 0.4523524291
0.0000197529 148.2262703209 0.4523524291
0.0000201519 151.0706572485 0.4523524291
0.0000205590 153.9696252679 0.4523524291
0.0000209744 156.9242201254 0.4523524291
0.0000213981 159.9355102497 0.4523524291
0.0000218303 163.0045829369 0.4523524291
0.0000222713 166.1325465424 0.4523524291
0.0000227212 169.3205314390 0.4523524291
0.0000231802 172.5696894077 0.4523524291
0.0000236485 175.8811941226 0.4523524291
0.0000241263 179.2562413136 0.4523524291
0.0000246136 182.6960501109 0.4523524291
0.0000251109 186.2018636340 0.4523524291
0.0000256181 189.7749472197 0.4523524291
0.0000261357 193.4165926974 0.4523524291
0.0000266636 197.1281135458 0.4523524291
0.0000272023 200.9108520515 0.4523524291
0.0000277518 204.7661732316 0.4523524291
0.0000283124 208.6954710917 0.4523524291
0.0000288844 212.7001636468 0.4523524291
0.0000294679 216.7816968721 0.4523524291
0.0000300632 220.9415460497 0.4523524291
0.0000306705 225.1812123926 0.4523524291
0.0000312901 229.5022269207 0.4523524291
0.0000319222 233.9061511620 0.4523524291
0.0000325670 238.3945758871 0.4523524291
0.0000332249 242.9691205559 0.4523524291
0.0000338961 247.6314373861 0.4523524291
0.0000345809 252.3832101361 0.4523524291
0.0000352794 257.2261552623 0.4523524291
0.0000359921 262.1620204854 0.4523524291
0.0000367192 267.1925891378 0.4523524291
0.0000374610 272.3196760513 0.4523524291
0.0000382178 277.5451339942 0.4523524291
0.0000389898 282.8708477352 0.4523524291
0.0000397775 288.2987417223 0.4523524291
0.0000405810 293.8307761169 0.4523524291
0.0000414008 299.4689471963 0.4523524291
0.0000422372 305.2152906670 0.4523524291
0.0000430904 311.0718798429 0.4523524291
0.0000439609 317.0408303889 0.4523524291
0.0000448490 323.1242951119 0.4523524291
0.0000457550 329.3244717944 0.4523524291
0.0000466793 335.6435975126 0.4523524291
0.0000476223 342.0839524691 0.4523524291
0.0000485843 348.6478620734 0.4523524291
0.0000495658 355.3376930607 0.4523524291
0.0000505671 362.1558595674 0.4523524291
0.0000515886 369.1048249708 0.4523524291
0.0000526307 376.1870950103 0.4523524291
0.0000536940 383.4052260017 0.4523524291
0.0000547787 390.7618211515 0.4523524291
0.0000558852 398.2595325936 0.4523524291
0.0000570142 405.9010683528 0.4523524291
0.0000581660 413.6891844925 0.4523524291
0.0000593410 421.6266890903 0.4523524291
0.0000605398 429.7164458793 0.4523524291
0.0000617628 437.9613690921 0.4523524291
0.0000630105 446.3644353874 0.4523524291
0.0000642833 454.9286756904 0.4523524291
0.0000655820 463.6571768699 0.4523524291
0.0000669068 472.5530856168 0.4523524291
0.0000682584 481.6196083847 0.4523524291
0.0000696373 490.8600143382 0.4523524291
0.0000710441 500.2776336374 0.4523524291
0.0000724793 509.8758623763 0.4523524291
0.0000739434 519.6581571821 0.4523524291
0.0000754372 529.6280432243 0.4523524291
0.0000769611 539.7891101666 0.4523524291
0.0000785159 550.1450218297 0.4523524291
0.0000801020 560.6995047943 0.4523524291
0.0000817202 571.4563625432 0.4523524291
0.0000833710 582.4194688495 0.4523524291
0.0000850552 593.5927722015 0.4523524291
0.0000867734 604.9802944223 0.4523524291
0.0000885264 616.5861344900 0.4523524291
0.0000903147 628.4144651166 0.4523524291
0.0000921392 640.4695474162 0.4523524291
0.0000940005 652.7557195868 0.4523524291
0.0000958995 665.2773991546 0.4523524291
0.0000978368 678.0390873049 0.4523524291
0.0000998132 691.0453730282 0.4523524291
0.0001018296 704.3009367617 0.4523524291
0.0001038867 717.8105370390 0.4523524291
0.0001059853 731.5790299227 0.4523524291
0.0001081264 745.6113631175 0.4523524291
0.0001103107 759.9125768180 0.4523524291
0.0001125391 774.4878074367 0.4523524291
0.0001148125 789.3422898259 0.4523524291
0.0001171319 804.4813474165 0.4523524291
0.0001194981 819.9104200406 0.4523524291
0.0001219121 835.6350407077 0.4523524291
0.0001243749 851.6608448365 0.4523524291
0.0001268874 867.9935768492 0.4523524291
0.0001294507 884.6391030082 0.4523524291
0.0001320658 901.6033732365 0.4523524291
0.0001347338 918.8924694911 0.4523524291
0.0001374556 936.5125803091 0.4523524291
0.0001402323 954.4700091626 0.4523524291
0.0001430652 972.7711788309 0.4523524291
0.0001459553 991.4226368260 0.4523524291
0.0001489038 1010.4310479692 0.4523524291
0.0001519119 1029.8031977082 0.4523524291
0.0001549807 1049.5460061395 0.4523524291
0.0001581115 1069.6665244825 0.4523524291
0.0001613056 1090.1719323528 0.4523524291
0.0001645641 1111.0695398415 0.4523524291
0.0001678886 1132.3667956269 0.4523524291
0.0001712802 1154.0712828423 0.4523524291
0.0001747402 1176.1907312497 0.4523524291
0.0001782702 1198.7330016165 0.4523524291
0.0001818715 1221.7061174216 0.4523524291
0.0001855456 1245.1182344464 0.4523524291
0.0001892938 1268.9776594257 0.4523524291
0.0001931178 1293.2928605857 0.4523524291
0.0001970190 1318.0724603761 0.4523524291
0.0002009991 1343.3252365468 0.4523524291
0.0002050596 1369.0601291380 0.4523524291
0.0002092020 1395.2862332683 0.4523524291
0.0002134282 1422.0128118215 0.4523524291
0.0002177398 1449.2493099080 0.4523524291
0.0002221384 1477.0053257527 0.4523524291
0.0002266259 1505.2906340707 0.4523524291
0.0002312040 1534.1152001308 0.4523524291
0.0002358747 1563.4891515489 0.4523524291
0.0002406396 1593.4228028134 0.4523524291
0.0002455009 1623.9266469138 0.4523524291
0.0002504603 1655.0113801644 0.4523524291
0.0002555199 1686.6878636377 0.4523524291
0.0002606818 1718.9671743628 0.4523524291
0.0002659479 1751.8605816274 0.4523524291
0.0002713204 1785.3795487677 0.4523524291
0.0002768014 1819.5357266218 0.4523524291
0.0002823932 1854.3409958971 0.4523524291
0.0002880979 1889.8074300539 0.4523524291
0.0002939179 1925.9473031687 0.4523524291
0.0002998555 1962.7731143332 0.4523524291
0.0003059129 2000.2975657634 0.4523524291
0.0003120928 2038.5335876792 0.4523524291
0.0003183975 2077.4943198108 0.4523524291
0.0003248295 2117.1931412131 0.4523524291
0.0003313915 2157.6436336938 0.4523524291
0.0003380860 2198.8596279524 0.4523524291
0.0003449158 2240.8551672408 0.4523524291
0.0003518836 2283.6445430306 0.4523524291
0.0003589921 2327.2422822444 0.4523524291
0.0003662442 2371.6631391550 0.4523524291
0.0003736428 2416.9221261356 0.4523524291
0.0003811909 2463.0344819895 0.4523524291
0.0003888915 2510.0156905904 0.4523524291
0.0003967476 2557.8814951534 0.4523524291
0.0004047624 2606.6478769144 0.4523524291
0.0004129393 2656.3310836786 0.4523524291
0.0004212813 2706.9476008343 0.4523524291
0.0004297917 2758.5141938952 0.4523524291
0.0004384741 2811.0478772925 0.4523524291
0.0004473318 2864.5659182130 0.4523524291
0.0004563685 2919.0858631557 0.4523524291
0.0004655877 2974.6255298514 0.4523524291
0.0004749932 3031.2029722702 0.4523524291
0.0004845887 3088.8365227438 0.4523524291
0.0004943780 3147.5447871918 0.4523524291
0.0005043651 3207.3466558907 0.4523524291
0.0005145540 3268.2612725932 0.4523524291
0.0005249487 3330.3080602663 0.4523524291
0.0005355533 3393.5067306736 0.4523524291
0.0005463722 3457.8772438232 0.4523524291
0.0005574097 3523.4398672645 0.4523524291
0.0005686701 3590.2151188303 0.4523524291
0.0005801580 3658.2238119692 0.4523524291
0.0005918779 3727.4870409650 0.4523524291
0.0006038346 3798.0261652878 0.4523524291
0.0006160329 3869.8628016074 0.4523524291
0.0006284775 3943.0188895109 0.4523524291
0.0006411736 4017.5166014065 0.4523524291
0.0006541262 4093.3784014630 0.4523524291
0.0006673404 4170.6270373448 0.4523524291
0.0006808215 4249.2855154072 0.4523524291
0.0006945754 4329.3771010205 0.4523524291
0.0007086067 4410.9253138711 0.4523524291
0.0007229215 4493.9539846552 0.4523524291
0.0007375255 4578.4871754388 0.4523524291
0.0007524244 4664.5491936619 0.4523524291
0.0007676244 4752.1645990615 0.4523524291
0.0007831315 4841.3582452499 0.4523524291
0.0007989518 4932.1551681440 0.4523524291
0.0008150917 5024.5806688139 0.4523524291
0.0008315576 5118.6602653222 0.4523524291
0.0008483562 5214.4196789641 0.4523524291
0.0008654941 5311.8849025989 0.4523524291
0.0008829782 5411.0821018658 0.4523524291
0.0009008155 5512.0376435213 0.4523524291
0.0009190132 5614.7781012460 0.4523524291
0.0009375784 5719.3302434312 0.4523524291
0.0009565187 5825.7209754329 0.4523524291
0.0009758417 5933.9773630999 0.4523524291
0.0009955550 6044.1266895155 0.4523524291
0.0010156665 6156.1963004076 0.4523524291
0.0010361844 6270.2136891587 0.4523524291
0.0010571165 6386.2064860791 0.4523524291
0.0010784718 6504.2024482297 0.4523524291
0.0011002583 6624.2293543732 0.4523524291
0.0011224849 6746.3150772798 0.4523524291
0.0011451612 6870.4876056891 0.4523524291
0.0011682949 6996.7748677453 0.4523524291
0.0011918960 7125.2047917605 0.4523524291
0.0012159740 7255.8053883138 0.4523524291
0.0012405382 7388.6046542579 0.4523524291
0.0012655987 7523.6304936626 0.4523524291
0.0012911655 7660.9107592997 0.4523524291
0.0013172487 7800.4732179531 0.4523524291
0.0013438589 7942.3455621961 0.4523524291
0.0013710066 8086.5553002697 0.4523524291
0.0013987029 8233.1297983418 0.4523524291
0.0014269585 8382.0962874108 0.4523524291
0.0014557848 8533.4817537038 0.4523524291
0.0014851936 8687.3072978950 0.4523524291
0.0015151965 8843.6052956339 0.4523524291
0.0015458055 9002.4019088579 0.4523524291
0.0015770328 9163.7230594949 0.4523524291
0.0016088908 9327.5941865368 0.4523524291
0.0016413926 9494.0403922413 0.4523524291
0.0016745509 9663.0863698825 0.4523524291
0.0017083790 9834.7562724486 0.4523524291
0.0017428907 10009.0737610886 0.4523524291
0.0017780993 10186.0619669164 0.4523524291
0.0018140193 10365.7434220740 0.4523524291
0.0018506648 10548.1399965908 0.4523524291
0.0018880507 10733.2728660223 0.4523524291
0.0019261928 10921.1652978677 0.4523524291
0.0019651044 11111.8341596202 0.4523524291
0.0020048020 11305.2983742265 0.4523524291
0.0020453017 11501.5758714949 0.4523524291
0.0020866196 11700.6837588480 0.4523524291
0.0021287720 11902.6381268791 0.4523524291
0.0021717760 12107.4538727196 0.4523524291
0.0022156488 12315.1450674329 0.4523524291
0.0022604079 12525.7244009349 0.4523524291
0.0023060711 12739.2034812143 0.4523524291
0.0023526568 12955.5914411953 0.4523524291
0.0024001836 13174.8983888201 0.4523524291
0.0024486703 13397.1319098416 0.4523524291
0.0024981368 13622.2981646835 0.4523524291
0.0025486024 13850.4017795088 0.4523524291
0.0026000876 14081.4457912481 0.4523524291
0.0026526127 14315.4315864874 0.4523524291
0.0027061990 14552.3588505584 0.4523524291
0.0027608678 14792.2259469061 0.4523524291
0.0028166410 15035.0284856315 0.4523524291
0.0028735411 15280.7605816834 0.4523524291
0.0029315902 15529.4142879953 0.4523524291
0.0029908123 15780.9797378198 0.4523524291
0.0030512305 16035.4447271640 0.4523524291
0.0031128693 16292.7948234617 0.4523524291
0.0031757534 16553.0132871975 0.4523524291
0.0032399094 16816.0808871138 0.4523524291
0.0033053600 17081.9759847411 0.4523524291
0.0033721325 17350.6742235355 0.4523524291
0.0034402539 17622.1485017174 0.4523524291
0.0035097520 17896.3690499821 0.4523524291
0.0035806533 18173.3030963551 0.4523524291
0.0036529873 18452.9150347698 0.4523524291
0.0037267825 18735.1658944708 0.4523524291
0.0038020683 19020.0137580334 0.4523524291
0.0038788749 19307.4133780745 0.4523524291
0.0039572334 19597.3161530489 0.4523524291
0.0040371749 19889.6698539573 0.4523524291
0.0041187312 20184.4188756402 0.4523524291
0.0042019351 20481.5039009151 0.4523524291
0.0042868196 20780.8618094232 0.4523524291
0.0043734191 21082.4256207385 0.4523524291
0.0044617681 21386.1241154065 0.4523524291
0.0045519015 21691.8821336141 0.4523524291
0.0046438561 21999.6201751036 0.4523524291
0.0047376682 22309.2542074875 0.4523524291
0.0048333751 22620.6957886477 0.4523524291
0.0049310154 22933.8518010161 0.4523524291
0.0050306288 23248.6243856046 0.4523524291
0.0051322542 23564.9106174183 0.4523524291
0.0052359323 23882.6026651102 0.4523524291
0.0053417077 24201.5874522134 0.4523524291
0.0054496173 24521.7465170668 0.4523524291
0.0055597061 24842.9558281746 0.4523524291
0.0056720199 25165.0858537073 0.4523524291
0.0057866024 25488.0011901016 0.4523524291
0.0059034997 25811.5603708949 0.4523524291
0.0060227579 26135.6160026976 0.4523524291
0.0061444254 26460.0143482509 0.4523524291
0.0062685506 26784.5953963664 0.4523524291
0.0063951840 27109.1923605946 0.4523524291
0.0065243752 27432.4124187288 0.4523524291
0.0066561764 27755.3206428127 0.4523524291
0.0067906398 28077.7340758222 0.4523524291
0.0069278199 28399.4627275318 0.4523524291
0.0070677707 28720.3094327060 0.4523524291
0.0072105490 29040.0696577920 0.4523524291
0.0073562115 29358.5310400469 0.4523524291
0.0075048171 29675.4736946420 0.4523524291
0.0076564243 29990.6695039059 0.4523524291
0.0078110942 30303.8825645575 0.4523524291
0.0079688886 30614.8680986953 0.4523524291
0.0081298705 30923.3728327900 0.4523524291
0.0082941046 31230.3342091321 0.4523524291
0.0084616570 31534.2313805092 0.4523524291
0.0086325929 31834.7788658713 0.4523524291
0.0088069830 32131.6816129463 0.4523524291
0.0089849001 32424.6344694470 0.4523524291
0.0091664065 32713.3220572261 0.4523524291
0.0093515804 32997.4181390865 0.4523524291
0.0095404945 33276.5866374744 0.4523524291
0.0097332252 33550.4802104086 0.4523524291
0.0099298488 33818.7405991014 0.4523524291
0.0101304455 34080.0968445998 0.4523524291
0.0103350934 34335.1253132266 0.4523524291
0.0105438754 34583.4378935424 0.4523524291
0.0107568763 34824.6358154237 0.4523524291
0.0109741800 35058.3083149099 0.4523524291
0.0111958720 35284.0591310123 0.4523524291
0.0114220437 35501.4335072422 0.4523524291
0.0116527844 35709.9882247060 0.4523524291
0.0118881864 35909.2691000292 0.4523524291
0.0121283429 36098.8117727461 0.4523524291
0.0123733515 36278.1432635893 0.4523524291
0.0126233092 36446.7807037634 0.4523524291
0.0128783165 36604.2268466980 0.4523524291
0.0131384749 36749.9923157840 0.4523524291
0.0134038907 36883.5759840976 0.4523524291
0.0136746671 37004.4724447908 0.4523524291
0.0139509123 37112.1745301555 0.4523524291
0.0142327398 37206.1749153923 0.4523524291
0.0145202605 37285.9640452275 0.4523524291
0.0148135945 37351.0578453064 0.4523524291
0.0151128490 37400.9750016055 0.4523524291
0.0154181495 37435.2480001229 0.4523524291
0.0157296155 37453.4282947963 0.4523524291
0.0160473678 37455.0890744117 0.4523524291
0.0163715538 37439.8328054661 0.4523524291
0.0167022720 37407.2953017127 0.4523524291
0.0170396883 37357.1528144468 0.4523524291
0.0173839051 37289.1284144812 0.4523524291
0.0177350901 37203.0041148295 0.4523524291
0.0180933550 37098.6134233341 0.4523524291
0.0184588730 36975.8580601185 0.4523524291
0.0188317560 36834.7086366352 0.4523524291
0.0192121938 36675.2116720702 0.4523524291
0.0196003132 36497.4963496803 0.4523524291
0.0199962575 36301.7797121940 0.4523524291
0.0204002168 36088.3781163653 0.4523524291
0.0208123177 35857.7079537627 0.4523524291
0.0212327633 35610.2892065347 0.4523524291
0.0216616839 35346.7349438659 0.4523524291
0.0220992900 35067.3545771134 0.4523524291
0.0225457139 34773.3272127183 0.4523524291
0.0230011772 34465.5293457728 0.4523524291
0.0234658197 34144.9004954328 0.4523524291
0.0239398722 33812.4371852145 0.4523524291
0.0244234782 33469.1861197770 0.4523524291
0.0249168761 33116.2425140043 0.4523524291
0.0254202187 32754.7380803393 0.4523524291
0.0259337537 32385.8250750613 0.4523524291
0.0264576357 32010.6506818045 0.4523524291
0.0269921292 31630.3368854782 0.4523524291
0.0275373906 31245.9644475691 0.4523524291
0.0280936956 30858.5610537124 0.4523524291
0.0286612120 30469.0942091255 0.4523524291
0.0292402208 30078.4612112964 0.4523524291
0.0298308972 29687.4636769979 0.4523524291
0.0304335356 29296.7777147881 0.4523524291
0.0310483202 28906.9333181976 0.4523524291
0.0316755511 28518.3112644529 0.4523524291
0.0323154554 28131.1438939704 0.4523524291
0.0329682529 27745.5242054857 0.4523524291
0.0336342715 27361.4064740794 0.4523524291
0.0343137123 26978.6075039793 0.4523524291
0.0350069106 26596.8090907384 0.4523524291
0.0357140787 26215.5631373782 0.4523524291
0.0364355668 25834.3143367424 0.4523524291
0.0371715985 25452.4328741999 0.4523524291
0.0379225314 25069.2643381002 0.4523524291
0.0386885963 24684.1763073427 0.4523524291
0.0394701771 24296.6040312189 0.4523524291
0.0402675085 23906.0923590012 0.4523524291
0.0410809852 23512.3376706011 0.4523524291
0.0419108532 23115.2283499612 0.4523524291
0.0427575298 22714.8765337473 0.4523524291
0.0436212681 22311.6308036789 0.4523524291
0.0445024930 21906.0760788571 0.4523524291
0.0454014838 21499.0207032792 0.4523524291
0.0463186763 21091.4732911207 0.4523524291
0.0472543500 20684.5928109195 0.4523524291
0.0482089706 20279.6181910874 0.4523524291
0.0491828360 19878.7748099217 0.4523524291
0.0501764193 19482.4060882603 0.4523524291
0.0511900224 19091.6177686371 0.4523524291
0.0522241518 18707.3280753984 0.4523524291
0.0532791801 18330.2146552424 0.4523524291
0.0543554612 17960.6921131572 0.4523524291
0.0554535389 17598.8682135705 0.4523524291
0.0565737449 17244.5102904806 0.4523524291
0.0577166378 16897.0852433220 0.4523524291
0.0588825643 16555.8156342633 0.4523524291
0.0600720979 16219.7388621029 0.4523524291
0.0612856038 15887.8013522543 0.4523524291
0.0625236779 15558.3118915532 0.4523524291
0.0637867153 15230.9734883044 0.4523524291
0.0650753230 14905.1504508611 0.4523524291
0.0663898960 14580.5386778743 0.4523524291
0.0677310899 14257.1924484790 0.4523524291
0.0690993145 13935.5029712986 0.4523524291
0.0704952478 13616.1553382781 0.4523524291
0.0719193146 13300.0427132673 0.4523524291
0.0733722150 12988.1112792223 0.4523524291
0.0748543888 12681.2383596624 0.4523524291
0.0763665810 12380.4834079884 0.4523524291
0.0779092535 12085.9208544474 0.4523524291
0.0794831589 11797.6182961837 0.4523524291
0.0810887888 11515.2775474044 0.4523524291
0.0827269256 11238.3046959845 0.4523524291
0.0843980759 10965.9044097440 0.4523524291
0.0861030743 10697.2219936832 0.4523524291
0.0878424197 10431.5086907633 0.4523524291
0.0896169990 10168.2606337719 0.4523524291
0.0914274231 9907.3081985988 0.4523524291
0.0932743400 9648.8209891903 0.4523524291
0.0951586515 9393.2470047377 0.4523524291
0.0970809311 9141.1999064488 0.4523524291
0.0990421399 8893.2903353890 0.4523524291
0.1010428742 8649.9874298400 0.4523524291
0.1030841246 8411.5219008601 0.4523524291
0.1051665172 8177.8371751254 0.4523524291
0.1072910652 7948.6310289745 0.4523524291
0.1094584391 7723.4650032338 0.4523524291
0.1116696969 7501.9007449703 0.4523524291
0.1139255166 7283.6473852280 0.4523524291
0.1162270084 7068.6495542352 0.4523524291
0.1185748950 6857.0845021965 0.4523524291
0.1209703311 6649.2997438339 0.4523524291
0.1234140247 6445.6830940320 0.4523524291
0.1259072125 6246.5393181933 0.4523524291
0.1284506470 6052.0062182425 0.4523524291
0.1310455799 5862.0381229156 0.4523524291
0.1336928159 5676.4686596086 0.4523524291
0.1363936514 5495.1082022928 0.4523524291
0.1391489208 5317.8468460042 0.4523524291
0.1419599801 5144.7066746700 0.4523524291
0.1448276788 4975.8240704052 0.4523524291
0.1477534622 4811.3823336433 0.4523524291
0.1507383436 4651.5223705597 0.4523524291
0.1537833810 4496.2833105220 0.4523524291
0.1568900943 4345.5979876040 0.4523524291
0.1600593925 4199.3404246831 0.4523524291
0.1632928848 4057.3935316766 0.4523524291
0.1665915400 3919.7427927192 0.4523524291
0.1699569970 3786.3352927739 0.4523524291
0.1733902693 3657.1707941420 0.4523524291
0.1768930703 3532.2161857739 0.4523524291
0.1804664433 3411.3794803996 0.4523524291
0.1841122061 3294.5247769472 0.4523524291
0.1878314167 3181.5036610526 0.4523524291
0.1916259527 3072.1867850697 0.4523524291
0.1954969466 2966.4668139786 0.4523524291
0.1994463503 2864.2384944390 0.4523524291
0.2034753263 2765.3772453904 0.4523524291
0.2075859159 2669.7365466879 0.4523524291
0.2117793113 2577.1601567489 0.4523524291
0.2160576284 2487.5004203639 0.4523524291
0.2204221785 2400.6239167879 0.4523524291
0.2248750925 2316.4060076501 0.4523524291
0.2294177711 2234.7218578908 0.4523524291
0.2340524197 2155.4480012440 0.4523524291
0.2387804687 2078.4706891940 0.4523524291
0.2436042875 2003.6922728394 0.4523524291
0.2485255301 1931.0304487356 0.4523524291
0.2535459399 1860.4148795059 0.4523524291
0.2586680055 1791.7850278238 0.4523524291
0.2638933361 1725.0928365264 0.4523524291
0.2692244649 1660.3064100691 0.4523524291
0.2746630013 1597.4079379661 0.4523524291
0.2802117169 1536.3904325555 0.4523524291
0.2858722210 1477.2542716110 0.4523524291
0.2916473746 1420.0050610218 0.4523524291
0.2975388765 1364.6512503823 0.4523524291
0.3035497069 1311.2004082471 0.4523524291
0.3096816540 1259.6556935841 0.4523524291
0.3159377873 1210.0136186202 0.4523524291
0.3223199844 1162.2609253908 0.4523524291
0.3288314342 1116.3734020044 0.4523524291
0.3354741037 1072.3140143010 0.4523524291
0.3422513008 1030.0331813373 0.4523524291
0.3491650522 989.4685805365 0.4523524291
0.3562188148 950.5469598168 0.4523524291
0.3634147346 913.1864997115 0.4523524291
0.3707563579 877.2998681243 0.4523524291
0.3782459497 842.7962368945 0.4523524291
0.3858872056 809.5846709945 0.4523524291
0.3936824799 777.5780201905 0.4523524291
0.4016355574 746.6962309130 0.4523524291
0.4097489119 716.8681201910 0.4523524291
0.4180265963 688.0346830686 0.4523524291
0.4264715016 660.1513172075 0.4523524291
0.4350865781 633.1877689207 0.4523524291
0.4438761175 607.1267419543 0.4523524291
0.4528427422 581.9622983307 0.4523524291
0.4619910121 557.6968479795 0.4523524291
0.4713236094 534.3368004714 0.4523524291
0.4808451831 511.8884013401 0.4523524291
0.4905586839 490.3527178215 0.4523524291
0.5004688501 469.7222341902 0.4523524291
0.5105787516 449.9789996841 0.4523524291
0.5208933353 431.0942647863 0.4523524291
0.5314158201 413.0288145334 0.4523524291
0.5421513915 395.7349404234 0.4523524291
0.5531033278 379.1606804247 0.4523524291
0.5642769933 363.2534457044 0.4523524291
0.5756758451 347.9635907082 0.4523524291
0.5873055458 333.2482814299 0.4523524291
0.5991696119 319.0739090027 0.4523524291
0.6112739444 305.4178456635 0.4523524291
0.6236221194 292.2674198548 0.4523524291
0.6362204552 279.6180876397 0.4523524291
0.6490726471 267.4699850439 0.4523524291
0.6621850729 255.8236260350 0.4523524291
0.6755617261 244.6759403083 0.4523524291
0.6892093420 234.0173864307 0.4523524291
0.7031325698 223.8309667329 0.4523524291
0.7173364758 214.0929689765 0.4523524291
0.7318279147 204.7750445537 0.4523524291
0.7466114759 195.8477039365 0.4523524291
0.7616943717 187.2837478895 0.4523524291
0.7770812511 179.0608178903 0.4523524291
0.7927797437 171.1631443320 0.4523524291
0.8087944984 163.5812802507 0.4523524291
0.8251336217 156.3102583424 0.4523524291
0.8418020010 149.3469093186 0.4523524291
0.8588079810 142.6867026505 0.4523524291
0.8761565685 136.3215290590 0.4523524291
0.8938565254 130.2392274746 0.4523524291
0.9119131565 124.4242898410 0.4523524291
0.9303354025 118.8600769758 0.4523524291
0.9491290450 113.5311364672 0.4523524291
0.9683031440 108.4250248854 0.4523524291
0.9878636599 103.5329601877 0.4523524291
1.0078202486 98.8490166476 0.4523524291
1.0281790495 94.3685204881 0.4523524291
1.0489501953 90.0861495317 0.4523524291
1.0701397657 85.9947662795 0.4523524291
1.0917586088 82.0854048521 0.4523524291
1.1138130426 78.3481725006 0.4523524291
1.1363140345 74.7736761070 0.4523524291
1.1592696905 71.3540842930 0.4523524291
1.1826878786 68.0833812718 0.4523524291
1.2065802813 64.9567393052 0.4523524291
1.2309542894 61.9694729917 0.4523524291
1.2558217049 59.1162464048 0.4523524291
1.2811903954 56.3909597017 0.4523524291
1.3070727587 53.7872632202 0.4523524291
1.3334767818 51.2992279234 0.4523524291
1.3604153395 48.9218070108 0.4523524291
1.3878967762 46.6506858103 0.4523524291
1.4159349203 44.4818607180 0.4523524291
1.4445379972 42.4111611894 0.4523524291
1.4737203121 40.4341706951 0.4523524291
1.5034906864 38.5464862364 0.4523524291
1.5338637829 36.7440432514 0.4523524291
1.5648492575 35.0231931730 0.4523524291
1.5964618921 33.3805815654 0.4523524291
1.6287118196 31.8129064027 0.4523524291
1.6616147757 30.3168418377 0.4523524291
1.6951807737 28.8891158462 0.4523524291
1.7294265032 27.5266645994 0.4523524291
1.7643623352 26.2266485321 0.4523524291
1.8000056744 24.9863703815 0.4523524291
1.8363672495 23.8031961386 0.4523524291
1.8734651804 22.6745597313 0.4523524291
1.9113107920 21.5980051808 0.4523524291
1.9499226809 20.5712047575 0.4523524291
1.9893145561 19.5919370841 0.4523524291
2.0295004845 18.6580756122 0.4523524291
2.0705001354 17.7675848096 0.4523524291
2.1123259068 16.9185164889 0.4523524291
2.1549985409 16.1090062722 0.4523524291
2.1985313892 15.3372701875 0.4523524291
2.2429456711 14.6016013927 0.4523524291
2.2882549763 13.9003670229 0.4523524291
2.3344821930 13.2320051564 0.4523524291
2.3816404343 12.5950218966 0.4523524291
2.4297537804 11.9879885649 0.4523524291
2.4788370132 11.4095390005 0.4523524291
2.5289139748 10.8583669650 0.4523524291
2.5800001621 10.3332236463 0.4523524291
2.6321208477 9.8329152603 0.4523524291
2.6852917671 9.3563007450 0.4523524291
2.7395396233 8.9022895453 0.4523524291
2.7948803902 8.4698394846 0.4523524291
2.8513422012 8.0579547203 0.4523524291
2.9089415073 7.6656837799 0.4523524291
2.9677073956 7.2921176758 0.4523524291
3.0276577473 6.9363880940 0.4523524291
3.0888218880 6.5976656565 0.4523524291
3.1512188911 6.2751582530 0.4523524291
3.2148787975 5.9681094392 0.4523524291
3.2798254490 5.6757969008 0.4523524291
3.3460807800 5.3975309796 0.4523524291
3.4136774540 5.1326532590 0.4523524291
3.4826366901 4.8805352080 0.4523524291
3.5529923439 4.6405768804 0.4523524291
3.6247656345 4.4122056679 0.4523524291
3.6979923248 4.1948751042 0.4523524291
3.7726948261 3.9880637185 0.4523524291
3.8489100933 3.7912739375 0.4523524291
3.9266612530 3.6040310322 0.4523524291
4.0059866905 3.4258821093 0.4523524291
4.0869112015 3.2563951444 0.4523524291
4.1694741249 3.0951580565 0.4523524291
4.2537012100 2.9417778207 0.4523524291
4.3396334648 2.7958796194 0.4523524291
4.4272975922 2.6571060289 0.4523524291
4.5167374611 2.5251162406 0.4523524291
4.6079788208 2.3995853156 0.4523524291
4.7010684013 2.2802034715 0.4523524291
4.7960338593 2.1666753991 0.4523524291
4.8929228783 2.0587196091 0.4523524291
4.9917640686 1.9560678068 0.4523524291
5.0926065445 1.8584642940 0.4523524291
