#  k [h/Mpc]          Pk/s8^2 [Mpc/h]^3          s8
5.3832945923204525e-6	35.36522112298742	0.45561849267529964
5.492044692800844e-6	36.05771084166143	0.45561849267529964
5.602991222986015e-6	36.76376491249056	0.45561849267529964
5.71617920286372e-6	37.483645553907365	0.45561849267529964
5.831653652421664e-6	38.21762185198361	0.45561849267529964
5.949460501142307e-6	38.965968165043485	0.45561849267529964
6.069647952244846e-6	39.72897276849682	0.45561849267529964
6.192262844706423e-6	40.50690629331386	0.45561849267529964
6.3173547459882735e-6	41.30008132401726	0.45561849267529964
6.4449741330463515e-6	42.108790635767924	0.45561849267529964
6.575171028089249e-6	42.93333184408089	0.45561849267529964
6.707998181809679e-6	43.77401927416514	0.45561849267529964
6.8435087996476796e-6	44.63116953534389	0.45561849267529964
6.981756541790679e-6	45.505095190622484	0.45561849267529964
7.122797342162812e-6	46.39614142323923	0.45561849267529964
7.2666875894355986e-6	47.30463692691173	0.45561849267529964
7.413485036522603e-6	48.23092457853875	0.45561849267529964
7.5632465268427074e-6	49.1753306229168	0.45561849267529964
7.716034815530298e-6	50.13824849159232	0.45561849267529964
7.871908564993646e-6	51.120014768942276	0.45561849267529964
8.030931894609227e-6	52.12100254945111	0.45561849267529964
8.193167559511487e-6	53.14159722603767	0.45561849267529964
8.358680133824245e-6	54.18217347382855	0.45561849267529964
8.527536920155397e-6	55.24312949904802	0.45561849267529964
8.699804311618209e-6	56.32485704849371	0.45561849267529964
8.875552339304699e-6	57.4277579860012	0.45561849267529964
9.054850124812226e-6	58.552263387467185	0.45561849267529964
9.237770427716884e-6	59.698778451296484	0.45561849267529964
9.42438600759488e-6	60.86775641916244	0.45561849267529964
9.614770533517013e-6	62.05960992838168	0.45561849267529964
9.809003131522333e-6	63.2748228642759	0.45561849267529964
0.000010007157470681691	64.51380511314942	0.45561849267529964
0.000010209315405518282	65.77706546108267	0.45561849267529964
0.000010415557881060505	67.06506626344171	0.45561849267529964
0.000010625965842336889	68.37827267304488	0.45561849267529964
0.000010840623872354637	69.7171999769903	0.45561849267529964
0.000011059620192099837	71.08234222700511	0.45561849267529964
0.000011283037565590357	72.47419690024161	0.45561849267529964
0.00001151097148976987	73.89334098740791	0.45561849267529964
0.000011743507457140366	75.34025795649946	0.45561849267529964
0.000011980741874140228	76.81550235382974	0.45561849267529964
0.000012222769328218419	78.31963185004875	0.45561849267529964
0.000012469685316318665	79.8532091297712	0.45561849267529964
0.000012721589882858103	81.41683579723735	0.45561849267529964
0.000012978583072253965	83.01106752225286	0.45561849267529964
0.00001324076765740755	84.63650887351703	0.45561849267529964
0.00001350824913970427	86.29378662978647	0.45561849267529964
0.000013781134839518936	87.98353248452264	0.45561849267529964
0.000014059531167731634	89.70631570103136	0.45561849267529964
0.000014343552720674764	91.46287828177643	0.45561849267529964
0.000014633312275691415	93.25382596685593	0.45561849267529964
0.000014928924429113989	95.07983001313713	0.45561849267529964
0.000015230508324748354	96.94158898738162	0.45561849267529964
0.000015538184015895237	98.83980627768463	0.45561849267529964
0.000015852077922318134	100.77520273294543	0.45561849267529964
0.00001617231100681238	102.74847025828772	0.45561849267529964
0.00001649901241762563	104.76040754023708	0.45561849267529964
0.000016832314940984378	106.81171197705167	0.45561849267529964
0.000017172349544125592	108.90319129583891	0.45561849267529964
0.00001751925447024406	111.03563884224896	0.45561849267529964
0.000017873167962534357	113.20981440482464	0.45561849267529964
0.00001823423008318059	115.42656461502882	0.45561849267529964
0.00001860258453234565	117.68672725565533	0.45561849267529964
0.00001897838228615001	119.99116713743824	0.45561849267529964
0.000019361770682735372	122.3406990053399	0.45561849267529964
0.00001975290433620106	124.73622995440971	0.45561849267529964
0.000020151937860646305	127.17866670419903	0.45561849267529964
0.000020559036784106862	129.66895537857084	0.45561849267529964
0.000020974357539671456	132.2080115905131	0.45561849267529964
0.00002139806747436524	134.79673306035363	0.45561849267529964
0.00002183033575420271	137.4361650156905	0.45561849267529964
0.000022271337002166554	140.12728288248448	0.45561849267529964
0.00002272124766022901	142.87109886097903	0.45561849267529964
0.000023180249627330337	145.66864637667467	0.45561849267529964
0.000023648521164432168	148.520944269309	0.45561849267529964
0.000024126253265421855	151.42910800361412	0.45561849267529964
0.000024613633286207908	154.3941768131028	0.45561849267529964
0.000025110863134614195	157.41733954563801	0.45561849267529964
0.000025618135623517467	160.49967434240355	0.45561849267529964
0.00002613565629872031	163.64236700625173	0.45561849267529964
0.000026663634344004078	166.84661246587072	0.45561849267529964
0.000027202273486182104	170.1135703117615	0.45561849267529964
0.000027751795641961548	173.44448409764757	0.45561849267529964
0.000028312419090070806	176.84064481456076	0.45561849267529964
0.000028884367566206482	180.3032651453034	0.45561849267529964
0.000029467868444044133	183.83368755003042	0.45561849267529964
0.000030063161830184968	187.4332547785105	0.45561849267529964
0.000030670478736283224	191.1033031699263	0.45561849267529964
0.000031290062906919034	194.8451913776746	0.45561849267529964
0.000031922165362630026	198.6603725048168	0.45561849267529964
0.000032567033485975116	202.55015043639835	0.45561849267529964
0.000033224929211428355	206.51617922324812	0.45561849267529964
0.000033896121749421555	210.55985985273108	0.45561849267529964
0.00003458086939644997	214.68269369242432	0.45561849267529964
0.00003527944863890294	218.88620094001678	0.45561849267529964
0.0000359921396011487	223.17201022453105	0.45561849267529964
0.00003671922968351278	227.54179445391458	0.45561849267529964
0.000037461006286321215	231.99708204318955	0.45561849267529964
0.00003821776408585719	236.53954966778153	0.45561849267529964
0.00003898981958627702	241.1710197402311	0.45561849267529964
0.00003977746746386408	245.89313170026847	0.45561849267529964
0.000040581024222774465	250.7076513346035	0.45561849267529964
0.000041400813643122085	255.61654315118938	0.45561849267529964
0.00004223716314299965	260.62138433690825	0.45561849267529964
0.00004309041105443616	265.72429158372574	0.45561849267529964
0.00004396089570946057	270.9271124697888	0.45561849267529964
0.00004484896271605977	276.23174936330815	0.45561849267529964
0.000045754968596156605	281.64016312103854	0.45561849267529964
0.00004667929169954734	287.15469737911997	0.45561849267529964
0.00004762227399623955	292.7769423421254	0.45561849267529964
0.000048584304749965735	298.5093223228019	0.45561849267529964
0.00004956577686243698	304.3539173830942	0.45561849267529964
0.000050567068683449145	310.31290117481615	0.45561849267529964
0.00005158859130460773	316.3885110744881	0.45561849267529964
0.00005263074854156009	322.58308865646296	0.45561849267529964
0.000053693958761869	328.8988816492362	0.45561849267529964
0.00005477865124703387	335.33835422690174	0.45561849267529964
0.00005588524800259622	341.90378558069165	0.45561849267529964
0.00005701420377590698	348.5978086708581	0.45561849267529964
0.00005816596967633813	355.42281512811917	0.45561849267529964
0.0000593409968132619	362.3814341497668	0.45561849267529964
0.00006053977995179594	369.4762756639059	0.45561849267529964
0.00006176275928737601	376.7099500281574	0.45561849267529964
0.00006301045505097132	384.08514971091813	0.45561849267529964
0.00006428334745578468	391.60471698358543	0.45561849267529964
0.00006558195309480648	399.2714964090741	0.45561849267529964
0.00006690679583698507	407.08825471351406	0.45561849267529964
0.00006825839955126868	415.0579440201729	0.45561849267529964
0.0000696373099344782	423.1836732212499	0.45561849267529964
0.00007104407268343497	431.4683122187826	0.45561849267529964
0.00007247926259879031	439.9152517577364	0.45561849267529964
0.00007394343992928044	448.52737080383497	0.45561849267529964
0.00007543719402747222	457.30801455671315	0.45561849267529964
0.00007696112152189019	466.2603449831043	0.45561849267529964
0.00007851585542084646	475.38805158817735	0.45561849267529964
0.00008010198507690791	484.6943065436357	0.45561849267529964
0.00008172015077434479	494.18250062780186	0.45561849267529964
0.00008337100734934218	503.85647758965507	0.45561849267529964
0.00008505520963808526	513.7195930151623	0.45561849267529964
0.00008677344158058991	523.7757470721408	0.45561849267529964
0.00008852637256495652	534.0284615207903	0.45561849267529964
0.00009031472291098898	544.4819156748712	0.45561849267529964
0.00009213919838657605	555.1397889559843	0.45561849267529964
0.0000940005265874789	566.0060625373875	0.45561849267529964
0.00009589947148924698	577.0849218277833	0.45561849267529964
0.0000978367679635995	588.3805376614897	0.45561849267529964
0.00009981319453800107	599.896839539473	0.45561849267529964
0.00010182957339566193	611.6386572628071	0.45561849267529964
0.00010388666851213194	623.6099786151352	0.45561849267529964
0.00010598531662253655	635.8153257338028	0.45561849267529964
0.0001081263617379591	648.2593855251873	0.45561849267529964
0.00011031066242139786	660.9466053624186	0.45561849267529964
0.00011253908451180906	673.8819160419015	0.45561849267529964
0.0001148125156760216	687.070048985201	0.45561849267529964
0.0001171318799606524	700.5161729443283	0.45561849267529964
0.00011949810141231852	714.2249611139321	0.45561849267529964
0.00012191212590550998	728.2017835278859	0.45561849267529964
0.00012437491386663152	742.4516902365197	0.45561849267529964
0.00012688744754996156	756.9799927295946	0.45561849267529964
0.00012945073831360782	771.792320535999	0.45561849267529964
0.00013206583389546725	786.8940219158693	0.45561849267529964
0.00013473375292960557	802.2909092004435	0.45561849267529964
0.0001374555577058346	817.9886058225865	0.45561849267529964
0.0001402323250658809	833.9925084735879	0.45561849267529964
0.00014306521916296344	850.3094191827419	0.45561849267529964
0.00014595531683880836	866.9446395851949	0.45561849267529964
0.0001489037967985496	883.9048071903155	0.45561849267529964
0.00015191186685115085	901.1964233417054	0.45561849267529964
0.0001549806765979156	918.8253213274098	0.45561849267529964
0.00015811149205546807	936.7984863879437	0.45561849267529964
0.00016130555013660323	955.122271589143	0.45561849267529964
0.00016456414596177638	973.8036673358611	0.45561849267529964
0.00016788860375527314	992.8501656363467	0.45561849267529964
0.00017128017498180262	1012.2678017890166	0.45561849267529964
0.00017474024207331235	1032.064158886917	0.45561849267529964
0.0001782702311174945	1052.246630264224	0.45561849267529964
0.00018187153909821071	1072.8228559383685	0.45561849267529964
0.00018554557755123805	1093.8001026586023	0.45561849267529964
0.000189293845323846	1115.1864112332441	0.45561849267529964
0.00019311782671138658	1136.9894893287562	0.45561849267529964
0.0001970190496649595	1159.217182196665	0.45561849267529964
0.0002009991003433245	1181.8784508553774	0.45561849267529964
0.00020505955035332585	1204.9809402080296	0.45561849267529964
0.0002092020295094699	1228.53366603969	0.45561849267529964
0.00021342818217817678	1252.5446930640464	0.45561849267529964
0.00021773976914118986	1277.0234791622431	0.45561849267529964
0.00022213840566109866	1301.97837352712	0.45561849267529964
0.00022662588162347658	1327.4189658005064	0.45561849267529964
0.00023120403056964278	1353.3543303678102	0.45561849267529964
0.00023587465693708523	1379.79407619012	0.45561849267529964
0.00024063963792286832	1406.748116648232	0.45561849267529964
0.00024550087982788655	1434.226012754308	0.45561849267529964
0.0002504603180568665	1462.2377383155924	0.45561849267529964
0.00025551993167027804	1490.7934787692966	0.45561849267529964
0.00026068178704008444	1519.9039825448017	0.45561849267529964
0.00026594789233058707	1549.5796393689307	0.45561849267529964
0.0002713204012252388	1579.8311915629488	0.45561849267529964
0.0002768014383036642	1610.669375796983	0.45561849267529964
0.00028239324456080816	1642.1062216598166	0.45561849267529964
0.00028809794457629323	1674.151938661092	0.45561849267529964
0.0002939179248642178	1706.8189568342382	0.45561849267529964
0.00029985545552335685	1740.1185385678787	0.45561849267529964
0.00030591292306780815	1774.062413563127	0.45561849267529964
0.00031209277221932996	1808.6636956763668	0.45561849267529964
0.00031839747680351116	1843.9345153961667	0.45561849267529964
0.00032482951064594074	1879.8866617214508	0.45561849267529964
0.0003313914930913598	1916.5339726612651	0.45561849267529964
0.0003380860434845092	1953.8894663515052	0.45561849267529964
0.00034491583937779064	1991.9657276355435	0.45561849267529964
0.0003518835874274374	2030.7763731001698	0.45561849267529964
0.0003589921107050029	2070.3359103197213	0.45561849267529964
0.00036624420317821194	2110.6573321077412	0.45561849267529964
0.00037364283343777077	2151.755525770211	0.45561849267529964
0.00038119088276289425	2193.644989043495	0.45561849267529964
0.0003888914943672718	2236.3402344780243	0.45561849267529964
0.00039674757863394927	2279.855910927057	0.45561849267529964
0.0004047623951919378	2324.2074439439953	0.45561849267529964
0.00041293932008557016	2369.4116061842897	0.45561849267529964
0.00042128126369789226	2415.48183981593	0.45561849267529964
0.00042979168938472867	2462.434889184767	0.45561849267529964
0.00043847406050190346	2510.2865241426184	0.45561849267529964
0.00044733184040524065	2559.054131334225	0.45561849267529964
0.0004563684924505651	2608.7539702019826	0.45561849267529964
0.0004655877419281751	2659.4032606673763	0.45561849267529964
0.00047499322681687767	2711.0180163662894	0.45561849267529964
0.00048458873061463237	2763.6181341346596	0.45561849267529964
0.0004943780368193983	2817.2188333564286	0.45561849267529964
0.0005043651326559483	2871.8397507115856	0.45561849267529964
0.0005145540344528854	2927.499199709048	0.45561849267529964
0.0005249487003311518	2984.215218352524	0.45561849267529964
0.0005355533212423326	3042.005488335949	0.45561849267529964
0.0005463722045533356	3100.891526714153	0.45561849267529964
0.0005574096576310695	3160.890415161757	0.45561849267529964
0.0005686701042577629	3222.023800531256	0.45561849267529964
0.0005801579682156444	3284.310305488632	0.45561849267529964
0.0005918779061175887	3347.7702645801296	0.45561849267529964
0.000603834632784128	3412.425299944731	0.45561849267529964
0.0006160328630357986	3478.294945602059	0.45561849267529964
0.000628477544523776	3545.3999634945294	0.45561849267529964
0.000641173624899238	3613.7623464759836	0.45561849267529964
0.0006541261682286859	3683.4042868689417	0.45561849267529964
0.0006673403549939396	3754.3468290936316	0.45561849267529964
0.000680821540299803	3826.6119037346384	0.45561849267529964
0.0006945753702893851	3900.2243409433245	0.45561849267529964
0.0007086067344062027	3975.2029670805973	0.45561849267529964
0.0007229215116240086	4051.571937210976	0.45561849267529964
0.0007375255227088933	4129.355328857231	0.45561849267529964
0.0007524244138039651	4208.576559399595	0.45561849267529964
0.0007676244131289421	4289.258923032911	0.45561849267529964
0.0007831314578652384	4371.425774163594	0.45561849267529964
0.0007989517762325708	4455.102935758678	0.45561849267529964
0.0008150916546583177	4540.313712327491	0.45561849267529964
0.0008315575541928413	4627.08317063089	0.45561849267529964
0.0008483561687171459	4715.435903522265	0.45561849267529964
0.0008654940756969156	4805.398066612909	0.45561849267529964
0.0008829782018437978	4896.994264769827	0.45561849267529964
0.0009008154738694433	4990.251340774974	0.45561849267529964
0.0009190131677314636	5085.193686254842	0.45561849267529964
0.0009375784429721536	5181.849125016878	0.45561849267529964
0.0009565186919644477	5280.241526234144	0.45561849267529964
0.0009758416563272478	5380.398928726448	0.45561849267529964
0.000995554961264134	5482.3486012882495	0.45561849267529964
0.0010156665230169888	5586.116079496491	0.45561849267529964
0.0010361843742430204	5691.73039467626	0.45561849267529964
0.0010571165475994349	5799.215559275876	0.45561849267529964
0.0010784717742353684	5908.603047005555	0.45561849267529964
0.001100258319638669	6019.9170400986195	0.45561849267529964
0.0011224849149584779	6133.18592278509	0.45561849267529964
0.0011451612226665024	6248.441846097572	0.45561849267529964
0.0011682949261739844	6365.704802268972	0.45561849267529964
0.0011918960371986032	6485.007160168236	0.45561849267529964
0.001215973985381425	6606.375956885025	0.45561849267529964
0.0012405382003635164	6729.837741362736	0.45561849267529964
0.0012655986938625568	6855.423608501276	0.45561849267529964
0.001291165477596223	6983.159347687469	0.45561849267529964
0.001317248679697514	7113.073736282134	0.45561849267529964
0.0013438588939607141	7245.194446009719	0.45561849267529964
0.0013710065977647896	7379.548410831542	0.45561849267529964
0.0013987028505653136	7516.163921812713	0.45561849267529964
0.001426958478987217	7655.0695784071195	0.45561849267529964
0.001455784775316715	7796.289188177706	0.45561849267529964
0.0014851936139166357	7939.852583106992	0.45561849267529964
0.0015151965199038384	8085.787091657459	0.45561849267529964
0.0015458054840564715	8234.118815325182	0.45561849267529964
0.0015770328463986507	8384.874771348934	0.45561849267529964
0.001608890830539166	8538.076171777026	0.45561849267529964
0.0016413925914093848	8693.75474438472	0.45561849267529964
0.0016745509346947074	8851.93460283513	0.45561849267529964
0.001708379015326501	9012.636021907781	0.45561849267529964
0.0017428906867280607	9175.888120523732	0.45561849267529964
0.0017780993366613993	9341.712657636506	0.45561849267529964
0.001814019284211099	9510.132869091336	0.45561849267529964
0.001850664848461748	9681.17133598307	0.45561849267529964
0.0018880506977438912	9854.851109935384	0.45561849267529964
0.001926192780956625	10031.19526183076	0.45561849267529964
0.0019651043694466357	10210.219131644539	0.45561849267529964
0.002004801994189619	10391.945765648337	0.45561849267529964
0.0020453017204999924	10576.395685265747	0.45561849267529964
0.0020866196136921644	10763.585426207099	0.45561849267529964
0.002128771971911191	10953.530911917476	0.45561849267529964
0.0021717760246247044	11146.25009622241	0.45561849267529964
0.002215648768469689	11341.759582499037	0.45561849267529964
0.0022604078985750684	11540.072550296301	0.45561849267529964
0.002306071110069751	11741.203534189308	0.45561849267529964
0.002352656796574592	11945.162383639983	0.45561849267529964
0.0024001835845410824	12151.96408310125	0.45561849267529964
0.0024486703332513566	12361.612645803782	0.45561849267529964
0.0024981368333101273	12574.120568966186	0.45561849267529964
0.002548602409660814	12789.492955190854	0.45561849267529964
0.002600087551400067	13007.736169400387	0.45561849267529964
0.002652612747624517	13228.854948485607	0.45561849267529964
0.0027061989530920974	13452.846564722942	0.45561849267529964
0.00276086782105267	13679.71686296955	0.45561849267529964
0.0028166410047560917	13909.465967950902	0.45561849267529964
0.0028735410887748007	14142.088101184187	0.45561849267529964
0.002931590192019938	14377.57297588968	0.45561849267529964
0.002990812296047808	14615.921473453622	0.45561849267529964
0.003051230451092124	14857.122500044343	0.45561849267529964
0.003112869337201119	15101.164683636265	0.45561849267529964
0.003175753401592373	15348.035413773045	0.45561849267529964
0.0032399094197899116	15597.727070817387	0.45561849267529964
0.0033053599763661636	15850.20627356027	0.45561849267529964
0.0033721325453370805	16105.457344129107	0.45561849267529964
0.0034402539022266843	16363.462413390807	0.45561849267529964
0.003509751986712219	16624.19606516329	0.45561849267529964
0.0035806533414870496	16887.62202473664	0.45561849267529964
0.0036529873032122855	17153.719211503314	0.45561849267529964
0.00372678251005709	17422.445370167057	0.45561849267529964
0.003802068298682568	17693.77055162867	0.45561849267529964
0.003878874937072397	17967.64755345829	0.45561849267529964
0.003957233391702177	18244.03425092723	0.45561849267529964
0.004037174861878155	18523.727345859475	0.45561849267529964
0.0041187312453985206	18805.019200827595	0.45561849267529964
0.004201935138553381	19088.666718080127	0.45561849267529964
0.004286819603294133	19374.61005232175	0.45561849267529964
0.004373419098556042	19662.796376143888	0.45561849267529964
0.004461768083274367	19953.151050377674	0.45561849267529964
0.004551901482045649	20245.606832069006	0.45561849267529964
0.0046438560821116	20540.091956781544	0.45561849267529964
0.004737668205052617	20836.522860401772	0.45561849267529964
0.004833375103771686	21134.817002601267	0.45561849267529964
0.004931015428155661	21434.89140915079	0.45561849267529964
0.005030628759413961	21736.65310406658	0.45561849267529964
0.005132254213094711	22040.00578909031	0.45561849267529964
0.005235932301729918	22344.454693791457	0.45561849267529964
0.00534170772880316	22650.653319648754	0.45561849267529964
0.0054496172815561295	22958.109057136222	0.45561849267529964
0.005559706129133701	23266.726462233757	0.45561849267529964
0.005672019906342031	23576.369562932283	0.45561849267529964
0.005786602385342121	23886.913184725378	0.45561849267529964
0.005903499666601419	24198.24292998801	0.45561849267529964
0.0060227578505873715	24510.193263392	0.45561849267529964
0.006144425366073845	24822.64527471226	0.45561849267529964
0.00626855064183474	25135.434133727296	0.45561849267529964
0.006395183969289065	25448.56922931745	0.45561849267529964
0.0065243751741945735	25761.586788793866	0.45561849267529964
0.006656176410615444	26074.459661383902	0.45561849267529964
0.006790639832615857	26387.015643273484	0.45561849267529964
0.006927819922566412	26699.06727145067	0.45561849267529964
0.00706777069717646	27010.436042782778	0.45561849267529964
0.0072105489671230325	27320.91363940404	0.45561849267529964
0.007356211543083194	27630.302295654656	0.45561849267529964
0.007504817098379136	27938.332916736097	0.45561849267529964
0.007656424306333065	28244.895462814464	0.45561849267529964
0.007811094168573624	28549.72103579703	0.45561849267529964
0.007968888618052008	28852.567867345326	0.45561849267529964
0.008129870519042013	29153.19510221753	0.45561849267529964
0.008294104598462575	29451.3607626248	0.45561849267529964
0.008461656980216507	29746.811022118134	0.45561849267529964
0.008632592856884003	30039.303180921812	0.45561849267529964
0.008806983008980751	30328.54030837795	0.45561849267529964
0.00898490007966757	30614.253464052894	0.45561849267529964
0.009166406467556957	30896.16871750991	0.45561849267529964
0.00935158040374517	31173.995278747756	0.45561849267529964
0.009540494531393048	31447.43535241363	0.45561849267529964
0.009733225218951702	31716.18881120968	0.45561849267529964
0.009929848834872242	31979.929998380205	0.45561849267529964
0.010130445472896097	32238.373282006498	0.45561849267529964
0.010335093364119525	32491.162036228863	0.45561849267529964
0.010543875396251675	32737.971500347434	0.45561849267529964
0.010756876319646837	32978.46385479526	0.45561849267529964
0.010974179953336717	33212.29320636447	0.45561849267529964
0.011195871978998186	33439.092536423675	0.45561849267529964
0.011422043666243548	33658.50556920104	0.45561849267529964
0.011652784422039984	33870.163595718266	0.45561849267529964
0.01188818644732237	34073.69105316615	0.45561849267529964
0.012128342874348162	34268.713098655455	0.45561849267529964
0.012373351491987707	34454.84899854913	0.45561849267529964
0.01262330915778875	34631.71654109113	0.45561849267529964
0.012878316454589362	34798.92291147059	0.45561849267529964
0.013138474896550175	34956.08230223467	0.45561849267529964
0.013403890654444691	35102.79586782863	0.45561849267529964
0.013674667105078695	35238.66324974794	0.45561849267529964
0.01395091228187084	35363.30363518435	0.45561849267529964
0.014232739806175235	35476.31077199047	0.45561849267529964
0.014520260505378241	35577.3026027452	0.45561849267529964
0.014813594520092009	35665.87502838755	0.45561849267529964
0.015112848952412612	35741.65973310317	0.45561849267529964
0.01541814953088761	35804.26811169112	0.45561849267529964
0.01572961546480656	35853.32834693077	0.45561849267529964
0.016047367826104168	35888.480901031304	0.45561849267529964
0.016371553763747222	35909.35854130105	0.45561849267529964
0.016702271997928612	35915.626734477126	0.45561849267529964
0.017039688304066655	35906.937110931896	0.45561849267529964
0.017383905127644535	35882.99218324191	0.45561849267529964
0.0177350901067257	35956.404047354714	0.45561849267529964
0.018093355000019067	35907.37881725242	0.45561849267529964
0.01845887303352356	35842.3616257701	0.45561849267529964
0.0188317559659481	35761.11179717768	0.45561849267529964
0.019212193787097927	35663.39570108218	0.45561849267529964
0.019600313156843185	35549.012059204535	0.45561849267529964
0.01999625749886036	35417.812661692726	0.45561849267529964
0.020400216802954667	35269.62446870486	0.45561849267529964
0.02081231772899627	35104.37587560227	0.45561849267529964
0.02123276330530643	34921.9731780284	0.45561849267529964
0.021661683917045593	34722.41930032208	0.45561849267529964
0.02209929004311561	34505.70922918362	0.45561849267529964
0.0225457139313221	34178.8889748796	0.45561849267529964
0.0230011772364378	33924.99526707531	0.45561849267529964
0.023465819656848904	33654.39280092644	0.45561849267529964
0.023939872160553936	33367.31108671529	0.45561849267529964
0.02442347817122936	33064.07279553692	0.45561849267529964
0.024916876107454307	32745.005150234676	0.45561849267529964
0.02542021870613098	32410.56415787315	0.45561849267529964
0.02593375369906425	32061.189906603937	0.45561849267529964
0.026457635685801506	31697.456360185446	0.45561849267529964
0.026992129161953936	31319.95492781608	0.45561849267529964
0.02753739058971406	30987.335791410627	0.45561849267529964
0.02809369564056396	30585.1513313406	0.45561849267529964
0.028661211952567097	30171.294087057435	0.45561849267529964
0.029240220785140977	29746.57179302744	0.45561849267529964
0.029830897226929658	29311.94481939309	0.45561849267529964
0.030433535575866703	28868.355139026942	0.45561849267529964
0.031048320233821862	28416.865535502864	0.45561849267529964
0.031675551086664214	27958.536973706065	0.45561849267529964
0.0323154553771019	27494.527162965496	0.45561849267529964
0.03296825289726257	27026.03679046057	0.45561849267529964
0.0336342714726925	26554.23196595532	0.45561849267529964
0.034313712269067764	26080.42719304976	0.45561849267529964
0.035006910562515245	25606.233190123425	0.45561849267529964
0.03571407869458197	25132.2482983741	0.45561849267529964
0.036435566842556	24660.079174333576	0.45561849267529964
0.03717159852385521	24191.068211639547	0.45561849267529964
0.037922531366348274	23726.51857425928	0.45561849267529964
0.03868859633803367	23267.743924584352	0.45561849267529964
0.03947017714381218	22815.789989528534	0.45561849267529964
0.04026750847697258	22371.845213296827	0.45561849267529964
0.04108098521828651	21936.96934789967	0.45561849267529964
0.04191085323691369	21512.250164484547	0.45561849267529964
0.04275752976536751	21098.629203616187	0.45561849267529964
0.04362126812338829	20697.04476112421	0.45561849267529964
0.04450249299407004	20308.25591487172	0.45561849267529964
0.045401483774185174	19932.91736804345	0.45561849267529964
0.04631867632269861	19571.554408075106	0.45561849267529964
0.047254350036382675	19224.507309025154	0.45561849267529964
0.04820897057652475	18891.90139745444	0.45561849267529964
0.04918283596634864	18573.81448124146	0.45561849267529964
0.05017641931772231	18270.122420052525	0.45561849267529964
0.05119002237915992	17980.6027353493	0.45561849267529964
0.05222415179014205	17704.797526830138	0.45561849267529964
0.05327918007969856	17442.01124007102	0.45561849267529964
0.05435546115040779	17191.306275178253	0.45561849267529964
0.055453538894653334	16951.288608287035	0.45561849267529964
0.05657374486327172	16720.352048864646	0.45561849267529964
0.057716637849807746	16496.696582384393	0.45561849267529964
0.05888256430625916	16278.545483255797	0.45561849267529964
0.06007209792733193	16076.769743689945	0.45561849267529964
0.0612856037914753	15865.253176185744	0.45561849267529964
0.06252367794513701	15653.073760079425	0.45561849267529964
0.06378671526908877	15438.3297136086	0.45561849267529964
0.06507532298564911	15219.040716426865	0.45561849267529964
0.06638989597558977	14993.134197104533	0.45561849267529964
0.06773108989000319	14758.33277948308	0.45561849267529964
0.06909931451082231	14512.459921275	0.45561849267529964
0.07049524784088135	14253.590984230643	0.45561849267529964
0.07191931456327437	13980.404362915682	0.45561849267529964
0.07337221503257751	13692.091792485287	0.45561849267529964
0.07485438883304595	13388.283117672141	0.45561849267529964
0.07636658102273942	13069.002662296238	0.45561849267529964
0.07790925353765489	12734.518178000482	0.45561849267529964
0.07948315888643265	12385.496925784479	0.45561849267529964
0.08108878880739212	12023.453103948535	0.45561849267529964
0.08272692561149599	11650.898403010431	0.45561849267529964
0.08439807593822478	11271.086008081586	0.45561849267529964
0.08610307425260545	10887.53125685658	0.45561849267529964
0.08784241974353789	10503.866112253381	0.45561849267529964
0.08961699903011322	10123.594189502503	0.45561849267529964
0.09142742305994035	9750.277097384429	0.45561849267529964
0.09327434003353116	9387.496771802214	0.45561849267529964
0.095158651471138	9038.818423963356	0.45561849267529964
0.09708093106746676	8707.730066965943	0.45561849267529964
0.09904213994741441	8397.269582402905	0.45561849267529964
0.10104287415742877	8109.83471687512	0.45561849267529964
0.10308412462472913	7846.855980452795	0.45561849267529964
0.10516651719808581	7608.90836748855	0.45561849267529964
0.10729106515645982	7395.736448149048	0.45561849267529964
0.10945843905210498	7206.327066000459	0.45561849267529964
0.11166969686746601	7038.847785000521	0.45561849267529964
0.1139255166053772	6890.590941079705	0.45561849267529964
0.11622700840234756	6758.003439397567	0.45561849267529964
0.118574894964695	6636.927116454992	0.45561849267529964
0.12097033113241193	6522.722643248073	0.45561849267529964
0.12341402471065524	6410.421877712813	0.45561849267529964
0.12590721249580386	6294.896458121029	0.45561849267529964
0.12845064699649808	6171.423685625828	0.45561849267529964
0.1310455799102783	6036.2582669889425	0.45561849267529964
0.13369281589984897	5886.801004742404	0.45561849267529964
0.1363936513662338	5721.4251687917995	0.45561849267529964
0.13914892077445984	5539.9841335972815	0.45561849267529964
0.14195998013019562	5344.270982729658	0.45561849267529964
0.1448276787996292	5137.51918315205	0.45561849267529964
0.14775346219539642	4923.785631912559	0.45561849267529964
0.15073834359645846	4708.266370256259	0.45561849267529964
0.15378338098526	4496.9847039925235	0.45561849267529964
0.1568900942802429	4295.384923653436	0.45561849267529964
0.16005939245224	4108.001973997384	0.45561849267529964
0.16329288482666016	3938.464211053817	0.45561849267529964
0.16659153997898102	3788.977583422721	0.45561849267529964
0.1699569970369339	3660.106285102141	0.45561849267529964
0.17339026927947998	3550.7738687708293	0.45561849267529964
0.17689307034015658	3458.0225406189493	0.45561849267529964
0.18046644330024722	3377.578616813259	0.45561849267529964
0.1841122061014175	3304.3427472948697	0.45561849267529964
0.18783141672611237	3232.9576319350476	0.45561849267529964
0.1916259527206421	3158.1022995078247	0.45561849267529964
0.19549694657325745	3075.232818446037	0.45561849267529964
0.19944635033607477	2981.9427617856954	0.45561849267529964
0.20347532629966736	2877.752120823106	0.45561849267529964
0.20758591592311865	2764.1492737673784	0.45561849267529964
0.21177931129932404	2644.6305810311574	0.45561849267529964
0.2160576283931732	2523.8340720760325	0.45561849267529964
0.22042217850685122	2407.0027371642873	0.45561849267529964
0.2248750925064087	2298.5560436919277	0.45561849267529964
0.22941777110099787	2201.736838542378	0.45561849267529964
0.23405241966247559	2118.0187865558264	0.45561849267529964
0.23878046870231626	2046.7948930874213	0.45561849267529964
0.2436042875051498	1985.6345038617449	0.45561849267529964
0.2485255300998688	1930.7301607451034	0.45561849267529964
0.25354593992233276	1877.801227990833	0.45561849267529964
0.2586680054664612	1822.9037767932193	0.45561849267529964
0.2638933360576629	1763.2241942794583	0.45561849267529964
0.26922446489334106	1697.9458878217763	0.45561849267529964
0.2746630012989044	1628.2247017667385	0.45561849267529964
0.28021171689033514	1556.6719304927508	0.45561849267529964
0.28587222099304194	1486.7552793439309	0.45561849267529964
0.29164737462997437	1421.635926120918	0.45561849267529964
0.2975388765335083	1363.2947852994891	0.45561849267529964
0.3035497069358826	1312.2119688840774	0.45561849267529964
0.30968165397644043	1267.140926603167	0.45561849267529964
0.3159377872943878	1225.666962844939	0.45561849267529964
0.32231998443603516	1185.1344803227792	0.45561849267529964
0.3288314342498779	1143.3365075020986	0.45561849267529964
0.33547410368919367	1099.400560010511	0.45561849267529964
0.3422513008117676	1053.8802718331094	0.45561849267529964
0.3491650521755219	1008.4070891785396	0.45561849267529964
0.35621881484985357	964.9531083563185	0.45561849267529964
0.3634147346019745	924.9232757215848	0.45561849267529964
0.3707563579082489	888.7352560270433	0.45561849267529964
0.3782459497451782	855.6744963833464	0.45561849267529964
0.3858872056007385	824.354204174267	0.45561849267529964
0.39368247985839844	793.4134831908832	0.45561849267529964
0.4016355574131012	762.0843863801484	0.45561849267529964
0.409748911857605	730.5148065529941	0.45561849267529964
0.4180265963077545	699.5222518975095	0.45561849267529964
0.4264715015888214	670.058124478979	0.45561849267529964
0.43508657813072205	642.6521865499219	0.45561849267529964
0.44387611746788025	617.1673221461363	0.45561849267529964
0.45284274220466614	592.9691717729286	0.45561849267529964
0.46199101209640503	569.3788316674857	0.45561849267529964
0.4713236093521118	546.0674789959751	0.45561849267529964
0.480845183134079	523.1635323524675	0.45561849267529964
0.4905586838722229	501.091399103131	0.45561849267529964
0.5004688501358032	480.1728952037525	0.45561849267529964
0.5105787515640259	460.4427079486412	0.45561849267529964
0.5208933353424072	441.62807446499	0.45561849267529964
0.5314158201217651	423.4114450631991	0.45561849267529964
0.5421513915061951	405.66765858539014	0.45561849267529964
0.5531033277511597	388.49526003956515	0.45561849267529964
0.5642769932746887	372.0490715109991	0.45561849267529964
0.5756758451461792	356.3970487037301	0.45561849267529964
0.5873055458068848	341.4472604303145	0.45561849267529964
0.5991696119308472	327.05837009980155	0.45561849267529964
0.6112739443778992	313.15439075489326	0.45561849267529964
0.6236221194267273	299.7698688023148	0.45561849267529964
0.6362204551696777	286.9553706634012	0.45561849267529964
0.6490726470947266	274.7031353137765	0.45561849267529964
0.6621850728988647	262.95626847831534	0.45561849267529964
0.6755617260932922	251.66336277766246	0.45561849267529964
0.6892093420028687	240.808393255497	0.45561849267529964
0.7031325697898865	230.4023312702321	0.45561849267529964
0.7173364758491516	220.44072319536093	0.45561849267529964
0.7318279147148132	210.89053008873958	0.45561849267529964
0.746611475944519	201.72708463760836	0.45561849267529964
0.7616943717002869	192.93831916877983	0.45561849267529964
0.7770812511444092	184.5167090407251	0.45561849267529964
0.7927797436714172	176.4485759316826	0.45561849267529964
0.8087944984436035	168.71448385353918	0.45561849267529964
0.8251336216926575	161.30149382514907	0.45561849267529964
0.8418020009994507	154.2011169004133	0.45561849267529964
0.8588079810142517	147.3988864313599	0.45561849267529964
0.8761565685272217	140.88430260970304	0.45561849267529964
0.8938565254211426	134.64311101417795	0.45561849267529964
0.9119131565093994	128.66803707435253	0.45561849267529964
0.9303354024887085	122.94684415883802	0.45561849267529964
0.949129045009613	117.47027357062463	0.45561849267529964
0.9683031439781189	112.22702484541347	0.45561849267529964
0.9878636598587036	107.20873652800981	0.45561849267529964
1.0078202486038208	102.40567758999575	0.45561849267529964
1.0281790494918823	97.80974449699741	0.45561849267529964
1.0489501953125	93.41139311903754	0.45561849267529964
1.070139765739441	89.20324569878889	0.45561849267529964
1.0917586088180542	85.17693602796398	0.45561849267529964
1.113813042640686	81.32606739246633	0.45561849267529964
1.136314034461975	77.64206104585735	0.45561849267529964
1.1592696905136108	74.11953843732773	0.45561849267529964
1.1826878786087036	70.75105079198792	0.45561849267529964
1.2065802812576294	67.53030650659886	0.45561849267529964
1.2309542894363403	64.45142147660921	0.45561849267529964
1.255821704864502	61.507556261869745	0.45561849267529964
1.2811903953552246	58.693882226818	0.45561849267529964
1.3070727586746216	56.00429911455246	0.45561849267529964
1.3334767818450928	53.43366326397419	0.45561849267529964
1.3604153394699097	50.97723621683713	0.45561849267529964
1.3878967761993408	48.63005898780643	0.45561849267529964
1.4159349203109741	46.387385795591406	0.45561849267529964
1.4445379972457886	44.24520940494752	0.45561849267529964
1.4737203121185303	42.198832376068125	0.45561849267529964
1.503490686416626	40.24411974282623	0.45561849267529964
1.5338637828826904	38.377031142291884	0.45561849267529964
1.5648492574691772	36.59397035927606	0.45561849267529964
1.5964618921279907	34.89119010664855	0.45561849267529964
1.6287118196487427	33.26538855419231	0.45561849267529964
1.6616147756576538	31.7130814260984	0.45561849267529964
1.6951807737350464	30.23124873720621	0.45561849267529964
1.7294265031814575	28.81662445688031	0.45561849267529964
1.7643623352050781	27.4663760202507	0.45561849267529964
1.8000056743621826	26.177567576446755	0.45561849267529964
1.8363672494888303	24.947580325434956	0.45561849267529964
1.8734651803970337	23.77375661150358	0.45561849267529964
1.9113107919692993	22.653792585222945	0.45561849267529964
1.9499226808547974	21.585176549522878	0.45561849267529964
1.9893145561218262	20.5656099592658	0.45561849267529964
2.0295004844665527	19.592991456174584	0.45561849267529964
2.070500135421753	18.665119449934945	0.45561849267529964
2.11232590675354	17.780128486605136	0.45561849267529964
2.154998540878296	16.936017145320392	0.45561849267529964
2.19853138923645	16.131050905182757	0.45561849267529964
2.242945671081543	15.36334584253313	0.45561849267529964
2.288254976272583	14.63131331811072	0.45561849267529964
2.334482192993164	13.9332919140745	0.45561849267529964
2.3816404342651367	13.267826290032426	0.45561849267529964
2.4297537803649902	12.633364297504917	0.45561849267529964
2.478837013244629	12.028566212548121	0.45561849267529964
2.528913974761963	11.452033946881993	0.45561849267529964
2.580000162124634	10.902524377944765	0.45561849267529964
2.6321208477020264	10.378770117638036	0.45561849267529964
2.6852917671203613	9.879655285073579	0.45561849267529964
2.7395396232604976	9.40399942530368	0.45561849267529964
2.794880390167236	8.950744684728214	0.45561849267529964
2.8513422012329106	8.518868483205253	0.45561849267529964
2.9089415073394775	8.107392342062488	0.45561849267529964
2.967707395553589	7.715366137271917	0.45561849267529964
3.0276577472686768	7.341901546926654	0.45561849267529964
3.0888218879699707	6.986140312509086	0.45561849267529964
3.151218891143799	6.647271558235386	0.45561849267529964
3.214878797531128	6.3245012410068915	0.45561849267529964
3.279825448989868	6.017082732623899	0.45561849267529964
3.346080780029297	5.724329402182661	0.45561849267529964
3.413677453994751	5.44553294882852	0.45561849267529964
3.48263669013977	5.1800637816572435	0.45561849267529964
3.5529923439025874	4.927273630304674	0.45561849267529964
3.6247656345367427	4.686601778818821	0.45561849267529964
3.6979923248291025	4.457454391128941	0.45561849267529964
3.7726948261260986	4.239312044621495	0.45561849267529964
3.848910093307495	4.03163831710025	0.45561849267529964
3.9266612529754643	3.833963222767301	0.45561849267529964
4.005986690521241	3.6457951488144262	0.45561849267529964
4.086911201477051	3.4667035878501604	0.45561849267529964
4.169474124908447	3.2962486963430986	0.45561849267529964
4.253701210021973	3.1340349054022827	0.45561849267529964
4.339633464813232	2.9796593584312805	0.45561849267529964
4.427297592163086	2.8327666275931476	0.45561849267529964
4.516737461090088	2.692985728693506	0.45561849267529964
4.607978820800781	2.5599913957397704	0.45561849267529964
4.70106840133667	2.4334513936228017	0.45561849267529964
4.796033859252931	2.313068309280764	0.45561849267529964
4.892922878265381	2.1985372127858356	0.45561849267529964
4.991764068603515	2.0895904315239098	0.45561849267529964
5.092606544494629	1.985949697261784	0.45561849267529964