#  k [h/Mpc]          Pk/s8^2 [Mpc/h]^3          s8
5.3832945923204525e-6	35.3423050302885	0.4208310747916501
5.492044692800844e-6	36.03435354149588	0.4208310747916501
5.602991222986015e-6	36.73995623898279	0.4208310747916501
5.71617920286372e-6	37.45936456823005	0.4208310747916501
5.831653652421664e-6	38.192871642556405	0.4208310747916501
5.949460501142307e-6	38.9407269671574	0.4208310747916501
6.069647952244846e-6	39.70323731495407	0.4208310747916501
6.192262844706423e-6	40.48067535547322	0.4208310747916501
6.3173547459882735e-6	41.27333002174814	0.4208310747916501
6.4449741330463515e-6	42.08151550820468	0.4208310747916501
6.575171028089249e-6	42.90552263642893	0.4208310747916501
6.707998181809679e-6	43.745665528032006	0.4208310747916501
6.8435087996476796e-6	44.60226058725979	0.4208310747916501
6.981756541790679e-6	45.4756264970678	0.4208310747916501
7.122797342162812e-6	46.36609569609607	0.4208310747916501
7.2666875894355986e-6	47.27399130277979	0.4208310747916501
7.413485036522603e-6	48.19967887236295	0.4208310747916501
7.5632465268427074e-6	49.14348334547495	0.4208310747916501
7.716034815530298e-6	50.10577760243034	0.4208310747916501
7.871908564993646e-6	51.08690806131969	0.4208310747916501
8.030931894609227e-6	52.08724632278059	0.4208310747916501
8.193167559511487e-6	53.10718001006231	0.4208310747916501
8.358680133824245e-6	54.14706908286513	0.4208310747916501
8.527536920155397e-6	55.207337719360275	0.4208310747916501
8.699804311618209e-6	56.28836442230285	0.4208310747916501
8.875552339304699e-6	57.390553404906136	0.4208310747916501
9.054850124812226e-6	58.514339837288446	0.4208310747916501
9.237770427716884e-6	59.66011503096355	0.4208310747916501
9.42438600759488e-6	60.82833591991255	0.4208310747916501
9.614770533517013e-6	62.01941604406032	0.4208310747916501
9.809003131522333e-6	63.23384192814697	0.4208310747916501
0.000010007157470681691	64.47203517582926	0.4208310747916501
0.000010209315405518282	65.7344615376359	0.4208310747916501
0.000010415557881060505	67.02161717037812	0.4208310747916501
0.000010625965842336889	68.3339823002066	0.4208310747916501
0.000010840623872354637	69.67202530428341	0.4208310747916501
0.000011059620192099837	71.03629779683156	0.4208310747916501
0.000011283037565590357	72.42725417321567	0.4208310747916501
0.00001151097148976987	73.84547905746088	0.4208310747916501
0.000011743507457140366	75.29144041805814	0.4208310747916501
0.000011980741874140228	76.76573958740045	0.4208310747916501
0.000012222769328218419	78.26891099799913	0.4208310747916501
0.000012469685316318665	79.80149874120471	0.4208310747916501
0.000012721589882858103	81.36409958594824	0.4208310747916501
0.000012978583072253965	82.95728991931979	0.4208310747916501
0.00001324076765740755	84.58169588921925	0.4208310747916501
0.00001350824913970427	86.23789827255233	0.4208310747916501
0.000013781134839518936	87.9265282524958	0.4208310747916501
0.000014059531167731634	89.64823267468265	0.4208310747916501
0.000014343552720674764	91.40364301148308	0.4208310747916501
0.000014633312275691415	93.19342096329969	0.4208310747916501
0.000014928924429113989	95.01823104483908	0.4208310747916501
0.000015230508324748354	96.87880405259293	0.4208310747916501
0.000015538184015895237	98.77578152013163	0.4208310747916501
0.000015852077922318134	100.70992887705209	0.4208310747916501
0.00001617231100681238	102.68192885553212	0.4208310747916501
0.00001649901241762563	104.69252903321775	0.4208310747916501
0.000016832314940984378	106.74254144768221	0.4208310747916501
0.000017172349544125592	108.8326446668473	0.4208310747916501
0.00001751925447024406	110.96369911543323	0.4208310747916501
0.000017873167962534357	113.13649477346576	0.4208310747916501
0.00001823423008318059	115.35180238627758	0.4208310747916501
0.00001860258453234565	117.61050645907306	0.4208310747916501
0.00001897838228615001	119.91344119102737	0.4208310747916501
0.000019361770682735372	122.26147367461851	0.4208310747916501
0.00001975290433620106	124.65545450020522	0.4208310747916501
0.000020151937860646305	127.09630196215657	0.4208310747916501
0.000020559036784106862	129.58500175929944	0.4208310747916501
0.000020974357539671456	132.12238776018143	0.4208310747916501
0.00002139806747436524	134.70945265456717	0.4208310747916501
0.00002183033575420271	137.34720092813052	0.4208310747916501
0.000022271337002166554	140.03656838532055	0.4208310747916501
0.00002272124766022901	142.77857622945177	0.4208310747916501
0.000023180249627330337	145.57431343711616	0.4208310747916501
0.000023648521164432168	148.42473963138232	0.4208310747916501
0.000024126253265421855	151.33105803971955	0.4208310747916501
0.000024613633286207908	154.2942047175361	0.4208310747916501
0.000025110863134614195	157.3153966785452	0.4208310747916501
0.000025618135623517467	160.39575917663163	0.4208310747916501
0.00002613565629872031	163.53640138455214	0.4208310747916501
0.000026663634344004078	166.73856951528577	0.4208310747916501
0.000027202273486182104	170.00343705046862	0.4208310747916501
0.000027751795641961548	173.33218766604713	0.4208310747916501
0.000028312419090070806	176.7261325478059	0.4208310747916501
0.000028884367566206482	180.18654561750873	0.4208310747916501
0.000029467868444044133	183.71466051560893	0.4208310747916501
0.000030063161830184968	187.31190290537785	0.4208310747916501
0.000030670478736283224	190.97959891725046	0.4208310747916501
0.000031290062906919034	194.71905506994375	0.4208310747916501
0.000031922165362630026	198.53174251073236	0.4208310747916501
0.000032567033485975116	202.41902894864495	0.4208310747916501
0.000033224929211428355	206.3824655055634	0.4208310747916501
0.000033896121749421555	210.42356370585227	0.4208310747916501
0.00003458086939644997	214.5437127872174	0.4208310747916501
0.00003527944863890294	218.74452804708542	0.4208310747916501
0.0000359921396011487	223.02753865486972	0.4208310747916501
0.00003671922968351278	227.39447708781003	0.4208310747916501
0.000037461006286321215	231.8468545031779	0.4208310747916501
0.00003821776408585719	236.38644519301783	0.4208310747916501
0.00003898981958627702	241.0149439206177	0.4208310747916501
0.00003977746746386408	245.73402394844476	0.4208310747916501
0.000040581024222774465	250.5454467654266	0.4208310747916501
0.000041400813643122085	255.4510748748469	0.4208310747916501
0.00004223716314299965	260.45270731919953	0.4208310747916501
0.00004309041105443616	265.5523964407494	0.4208310747916501
0.00004396089570946057	270.75176123490934	0.4208310747916501
0.00004484896271605977	276.05302355589816	0.4208310747916501
0.000045754968596156605	281.45803023949895	0.4208310747916501
0.00004667929169954734	286.96881233611185	0.4208310747916501
0.00004762227399623955	292.5875544007847	0.4208310747916501
0.000048584304749965735	298.31618170171197	0.4208310747916501
0.00004956577686243698	304.1570627816808	0.4208310747916501
0.000050567068683449145	310.1121600832606	0.4208310747916501
0.00005158859130460773	316.1838469567201	0.4208310747916501
0.00005263074854156009	322.37440242663814	0.4208310747916501
0.000053693958761869	328.68618965893495	0.4208310747916501
0.00005477865124703387	335.1214976237713	0.4208310747916501
0.00005588524800259622	341.6827541563913	0.4208310747916501
0.00005701420377590698	348.372355795091	0.4208310747916501
0.00005816596967633813	355.19300914003696	0.4208310747916501
0.0000593409968132619	362.1471363159849	0.4208310747916501
0.00006053977995179594	369.2374964344411	0.4208310747916501
0.00006176275928737601	376.4663979525525	0.4208310747916501
0.00006301045505097132	383.8368895948273	0.4208310747916501
0.00006428334745578468	391.351662552179	0.4208310747916501
0.00006558195309480648	399.013424952567	0.4208310747916501
0.00006690679583698507	406.82517509801403	0.4208310747916501
0.00006825839955126868	414.7897441715981	0.4208310747916501
0.0000696373099344782	422.9102534802395	0.4208310747916501
0.00007104407268343497	431.18965066949744	0.4208310747916501
0.00007247926259879031	439.6310792066401	0.4208310747916501
0.00007394343992928044	448.237551450902	0.4208310747916501
0.00007543719402747222	457.01261160987764	0.4208310747916501
0.00007696112152189019	465.9593314128132	0.4208310747916501
0.00007851585542084646	475.0811658919711	0.4208310747916501
0.00008010198507690791	484.38138311542644	0.4208310747916501
0.00008172015077434479	493.86362684959545	0.4208310747916501
0.00008337100734934218	503.5313411329308	0.4208310747916501
0.00008505520963808526	513.3881177329849	0.4208310747916501
0.00008677344158058991	523.4378395070786	0.4208310747916501
0.00008852637256495652	533.6840020765567	0.4208310747916501
0.00009031472291098898	544.1307329229721	0.4208310747916501
0.00009213919838657605	554.7818541772472	0.4208310747916501
0.0000940005265874789	565.641119843463	0.4208310747916501
0.00009589947148924698	576.7130345696547	0.4208310747916501
0.0000978367679635995	588.0013749883991	0.4208310747916501
0.00009981319453800107	599.5102922951343	0.4208310747916501
0.00010182957339566193	611.2447237545514	0.4208310747916501
0.00010388666851213194	623.2084297088833	0.4208310747916501
0.00010598531662253655	635.4059685817231	0.4208310747916501
0.0001081263617379591	647.8419844213893	0.4208310747916501
0.00011031066242139786	660.5212003653176	0.4208310747916501
0.00011253908451180906	673.448376413823	0.4208310747916501
0.0001148125156760216	686.6282259446394	0.4208310747916501
0.0001171318799606524	700.0656547576947	0.4208310747916501
0.00011949810141231852	713.7659568584133	0.4208310747916501
0.00012191212590550998	727.7339119529711	0.4208310747916501
0.00012437491386663152	741.9747694913193	0.4208310747916501
0.00012688744754996156	756.493837044354	0.4208310747916501
0.00012945073831360782	771.2968307271436	0.4208310747916501
0.00013206583389546725	786.3891716897524	0.4208310747916501
0.00013473375292960557	801.7762123725272	0.4208310747916501
0.0001374555577058346	817.4640685403028	0.4208310747916501
0.0001402323250658809	833.4579389641352	0.4208310747916501
0.00014306521916296344	849.7645746570894	0.4208310747916501
0.00014595531683880836	866.3894704542934	0.4208310747916501
0.0001489037967985496	883.3390333648949	0.4208310747916501
0.00015191186685115085	900.619829425326	0.4208310747916501
0.0001549806765979156	918.2376324964305	0.4208310747916501
0.00015811149205546807	936.1995297470863	0.4208310747916501
0.00016130555013660323	954.5120604317258	0.4208310747916501
0.00016456414596177638	973.1821564894971	0.4208310747916501
0.00016788860375527314	992.2165775282315	0.4208310747916501
0.00017128017498180262	1011.6220380904763	0.4208310747916501
0.00017474024207331235	1031.4063299851325	0.4208310747916501
0.0001782702311174945	1051.5763953470198	0.4208310747916501
0.00018187153909821071	1072.1399892808338	0.4208310747916501
0.00018554557755123805	1093.104157042427	0.4208310747916501
0.000189293845323846	1114.477572446935	0.4208310747916501
0.00019311782671138658	1136.267380529111	0.4208310747916501
0.0001970190496649595	1158.481655950451	0.4208310747916501
0.0002009991003433245	1181.1290744849218	0.4208310747916501
0.00020505955035332585	1204.2176415837312	0.4208310747916501
0.0002092020295094699	1227.7558516089432	0.4208310747916501
0.00021342818217817678	1251.7525592001875	0.4208310747916501
0.00021773976914118986	1276.2166501555027	0.4208310747916501
0.00022213840566109866	1301.1567656189984	0.4208310747916501
0.00022662588162347658	1326.5818833142325	0.4208310747916501
0.00023120403056964278	1352.501943816126	0.4208310747916501
0.00023587465693708523	1378.9262732323623	0.4208310747916501
0.00024063963792286832	1405.8641179320343	0.4208310747916501
0.00024550087982788655	1433.3256377734947	0.4208310747916501
0.0002504603180568665	1461.3212677743052	0.4208310747916501
0.00025551993167027804	1489.8601095138813	0.4208310747916501
0.00026068178704008444	1518.9537439468684	0.4208310747916501
0.00026594789233058707	1548.6120695168875	0.4208310747916501
0.0002713204012252388	1578.8461246530294	0.4208310747916501
0.0002768014383036642	1609.6668734533898	0.4208310747916501
0.00028239324456080816	1641.0857704661837	0.4208310747916501
0.00028809794457629323	1673.1131609714569	0.4208310747916501
0.0002939179248642178	1705.761486019534	0.4208310747916501
0.00029985545552335685	1739.0422215932078	0.4208310747916501
0.00030591292306780815	1772.9674514569344	0.4208310747916501
0.00031209277221932996	1807.5493897397744	0.4208310747916501
0.00031839747680351116	1842.8006530144837	0.4208310747916501
0.00032482951064594074	1878.7332037198028	0.4208310747916501
0.0003313914930913598	1915.360357442438	0.4208310747916501
0.0003380860434845092	1952.6950665030963	0.4208310747916501
0.00034491583937779064	1990.7510277210174	0.4208310747916501
0.0003518835874274374	2029.5407401532605	0.4208310747916501
0.0003589921107050029	2069.0790763923396	0.4208310747916501
0.00036624420317821194	2109.3795411208343	0.4208310747916501
0.00037364283343777077	2150.4563475703103	0.4208310747916501
0.00038119088276289425	2192.3236509546086	0.4208310747916501
0.0003888914943672718	2234.9971804386555	0.4208310747916501
0.00039674757863394927	2278.4905639094245	0.4208310747916501
0.0004047623951919378	2322.819448141693	0.4208310747916501
0.00041293932008557016	2368.0009873338367	0.4208310747916501
0.00042128126369789226	2414.0481311355597	0.4208310747916501
0.00042979168938472867	2460.9777538455364	0.4208310747916501
0.00043847406050190346	2508.8064368214104	0.4208310747916501
0.00044733184040524065	2557.5506563278354	0.4208310747916501
0.0004563684924505651	2607.2265678869326	0.4208310747916501
0.0004655877419281751	2657.851650569057	0.4208310747916501
0.00047499322681687767	2709.4427666525603	0.4208310747916501
0.00048458873061463237	2762.0183518635495	0.4208310747916501
0.0004943780368193983	2815.594233981437	0.4208310747916501
0.0005043651326559483	2870.1908582823326	0.4208310747916501
0.0005145540344528854	2925.8257253187867	0.4208310747916501
0.0005249487003311518	2982.515542143192	0.4208310747916501
0.0005355533212423326	3040.2810346642436	0.4208310747916501
0.0005463722045533356	3099.141249342157	0.4208310747916501
0.0005574096576310695	3159.1157988440586	0.4208310747916501
0.0005686701042577629	3220.223193453265	0.4208310747916501
0.0005801579682156444	3282.4835429825102	0.4208310747916501
0.0005918779061175887	3345.9183602039548	0.4208310747916501
0.000603834632784128	3410.5468230937913	0.4208310747916501
0.0006160328630357986	3476.389774607926	0.4208310747916501
0.000628477544523776	3543.469142184429	0.4208310747916501
0.000641173624899238	3611.805765923709	0.4208310747916501
0.0006541261682286859	3681.4205476771485	0.4208310747916501
0.0006673403549939396	3752.3368790544146	0.4208310747916501
0.000680821540299803	3824.57486637667	0.4208310747916501
0.0006945753702893851	3898.159897204372	0.4208310747916501
0.0007086067344062027	3973.111768889074	0.4208310747916501
0.0007229215116240086	4049.4533961220163	0.4208310747916501
0.0007375255227088933	4127.209996922667	0.4208310747916501
0.0007524244138039651	4206.402509384102	0.4208310747916501
0.0007676244131289421	4287.05739305393	0.4208310747916501
0.0007831314578652384	4369.1974675113925	0.4208310747916501
0.0007989517762325708	4452.845619382969	0.4208310747916501
0.0008150916546583177	4538.028286846688	0.4208310747916501
0.0008315575541928413	4624.769180061794	0.4208310747916501
0.0008483561687171459	4713.094701709913	0.4208310747916501
0.0008654940756969156	4803.027471771909	0.4208310747916501
0.0008829782018437978	4894.593814779838	0.4208310747916501
0.0009008154738694433	4987.820028857671	0.4208310747916501
0.0009190131677314636	5082.733446213061	0.4208310747916501
0.0009375784429721536	5179.357731917608	0.4208310747916501
0.0009565186919644477	5277.718428845382	0.4208310747916501
0.0009758416563272478	5377.84457078774	0.4208310747916501
0.000995554961264134	5479.762294084749	0.4208310747916501
0.0010156665230169888	5583.497288997089	0.4208310747916501
0.0010361843742430204	5689.079379621419	0.4208310747916501
0.0010571165475994349	5796.5307278627215	0.4208310747916501
0.0010784717742353684	5905.881111913001	0.4208310747916501
0.001100258319638669	6017.161673726979	0.4208310747916501
0.0011224849149584779	6130.39394491417	0.4208310747916501
0.0011451612226665024	6245.6114536676005	0.4208310747916501
0.0011682949261739844	6362.838188409524	0.4208310747916501
0.0011918960371986032	6482.0996144717665	0.4208310747916501
0.001215973985381425	6603.429430202733	0.4208310747916501
0.0012405382003635164	6726.851329881613	0.4208310747916501
0.0012655986938625568	6852.396040731748	0.4208310747916501
0.001291165477596223	6980.0881840948305	0.4208310747916501
0.001317248679697514	7109.958279650605	0.4208310747916501
0.0013438588939607141	7242.033610771006	0.4208310747916501
0.0013710065977647896	7376.341496465425	0.4208310747916501
0.0013987028505653136	7512.912447726716	0.4208310747916501
0.001426958478987217	7651.768263115636	0.4208310747916501
0.001455784775316715	7792.940781745181	0.4208310747916501
0.0014851936139166357	7936.456561245424	0.4208310747916501
0.0015151965199038384	8082.340860184981	0.4208310747916501
0.0015458054840564715	8230.619228443758	0.4208310747916501
0.0015770328463986507	8381.322459332006	0.4208310747916501
0.001608890830539166	8534.471584546925	0.4208310747916501
0.0016413925914093848	8690.096481175178	0.4208310747916501
0.0016745509346947074	8848.219245355152	0.4208310747916501
0.001708379015326501	9008.866512852506	0.4208310747916501
0.0017428906867280607	9172.063010206643	0.4208310747916501
0.0017780993366613993	9337.828359416828	0.4208310747916501
0.001814019284211099	9506.191389449095	0.4208310747916501
0.001850664848461748	9677.171839600733	0.4208310747916501
0.0018880506977438912	9850.790661104567	0.4208310747916501
0.001926192780956625	10027.07738405727	0.4208310747916501
0.0019651043694466357	10206.037283087986	0.4208310747916501
0.002004801994189619	10387.703759980228	0.4208310747916501
0.0020453017204999924	10572.089728212848	0.4208310747916501
0.0020866196136921644	10759.214418702399	0.4208310747916501
0.002128771971911191	10949.093958163212	0.4208310747916501
0.0021717760246247044	11141.749425690774	0.4208310747916501
0.002215648768469689	11337.190367535753	0.4208310747916501
0.0022604078985750684	11535.437718750465	0.4208310747916501
0.002306071110069751	11736.49768711303	0.4208310747916501
0.002352656796574592	11940.388007841106	0.4208310747916501
0.0024001835845410824	12147.118491727007	0.4208310747916501
0.0024486703332513566	12356.695761936555	0.4208310747916501
0.0024981368333101273	12569.131999328356	0.4208310747916501
0.002548602409660814	12784.43389605211	0.4208310747916501
0.002600087551400067	13002.60243911118	0.4208310747916501
0.002652612747624517	13223.643964348057	0.4208310747916501
0.0027061989530920974	13447.563613869957	0.4208310747916501
0.00276086782105267	13674.359001106499	0.4208310747916501
0.0028166410047560917	13904.029720712651	0.4208310747916501
0.0028735410887748007	14136.573390509446	0.4208310747916501
0.002931590192019938	14371.983774924502	0.4208310747916501
0.002990812296047808	14610.254072927677	0.4208310747916501
0.003051230451092124	14851.375080848955	0.4208310747916501
0.003112869337201119	15095.339611337386	0.4208310747916501
0.003175753401592373	15342.131991614811	0.4208310747916501
0.0032399094197899116	15591.738224523875	0.4208310747916501
0.0033053599763661636	15844.138225444694	0.4208310747916501
0.0033721325453370805	16099.309883335825	0.4208310747916501
0.0034402539022266843	16357.234029191359	0.4208310747916501
0.003509751986712219	16617.88402626883	0.4208310747916501
0.0035806533414870496	16881.230385323146	0.4208310747916501
0.0036529873032122855	17147.241510855805	0.4208310747916501
0.00372678251005709	17415.88616738778	0.4208310747916501
0.003802068298682568	17687.128988582983	0.4208310747916501
0.003878874937072397	17960.920970934403	0.4208310747916501
0.003957233391702177	18237.22824118495	0.4208310747916501
0.004037174861878155	18516.84270857544	0.4208310747916501
0.0041187312453985206	18798.043840989496	0.4208310747916501
0.004201935138553381	19081.61075694751	0.4208310747916501
0.004286819603294133	19367.472693143656	0.4208310747916501
0.004373419098556042	19655.57597343151	0.4208310747916501
0.004461768083274367	19945.844418351397	0.4208310747916501
0.004551901482045649	20238.219399947226	0.4208310747916501
0.0046438560821116	20532.61933939964	0.4208310747916501
0.004737668205052617	20828.97247472863	0.4208310747916501
0.004833375103771686	21127.184678662143	0.4208310747916501
0.004931015428155661	21427.177940251328	0.4208310747916501
0.005030628759413961	21728.861492670196	0.4208310747916501
0.005132254213094711	22032.13603847358	0.4208310747916501
0.005235932301729918	22336.503649399325	0.4208310747916501
0.00534170772880316	22642.628208871392	0.4208310747916501
0.0054496172815561295	22950.012374770202	0.4208310747916501
0.005559706129133701	23258.54988387243	0.4208310747916501
0.005672019906342031	23568.11680349813	0.4208310747916501
0.005786602385342121	23878.596094066874	0.4208310747916501
0.005903499666601419	24189.845678711725	0.4208310747916501
0.0060227578505873715	24501.733197997484	0.4208310747916501
0.006144425366073845	24814.109779715935	0.4208310747916501
0.00626855064183474	25126.82873749845	0.4208310747916501
0.006395183969289065	25439.902938583276	0.4208310747916501
0.0065243751741945735	25752.855647774028	0.4208310747916501
0.006656176410615444	26065.665109121615	0.4208310747916501
0.006790639832615857	26378.15757703839	0.4208310747916501
0.006927819922566412	26690.15962775998	0.4208310747916501
0.00706777069717646	27001.46629767181	0.4208310747916501
0.0072105489671230325	27311.88840769008	0.4208310747916501
0.007356211543083194	27621.224584154243	0.4208310747916501
0.007504817098379136	27929.206579871316	0.4208310747916501
0.007656424306333065	28235.726095023256	0.4208310747916501
0.007811094168573624	28540.50144683052	0.4208310747916501
0.007968888618052008	28843.304594141642	0.4208310747916501
0.008129870519042013	29143.895871396657	0.4208310747916501
0.008294104598462575	29442.024955657304	0.4208310747916501
0.008461656980216507	29737.44114683512	0.4208310747916501
0.008632592856884003	30029.902616694242	0.4208310747916501
0.008806983008980751	30319.10662327272	0.4208310747916501
0.00898490007966757	30604.803908609996	0.4208310747916501
0.009166406467556957	30886.690554869678	0.4208310747916501
0.00935158040374517	31164.501249897436	0.4208310747916501
0.009540494531393048	31437.923705227662	0.4208310747916501
0.009733225218951702	31706.669095405436	0.4208310747916501
0.009929848834872242	31970.398833710475	0.4208310747916501
0.010130445472896097	32228.831701843916	0.4208310747916501
0.010335093364119525	32481.624390923287	0.4208310747916501
0.010543875396251675	32728.43880294915	0.4208310747916501
0.010756876319646837	32968.942599134396	0.4208310747916501
0.010974179953336717	33202.781199939614	0.4208310747916501
0.011195871978998186	33429.59036577964	0.4208310747916501
0.011422043666243548	33649.02586572318	0.4208310747916501
0.011652784422039984	33860.71120869903	0.4208310747916501
0.01188818644732237	34064.26744754094	0.4208310747916501
0.012128342874348162	34259.32347787047	0.4208310747916501
0.012373351491987707	34445.493973243254	0.4208310747916501
0.01262330915778875	34622.40517987672	0.4208310747916501
0.012878316454589362	34789.65315833127	0.4208310747916501
0.013138474896550175	34946.85166947125	0.4208310747916501
0.013403890654444691	35093.62195821366	0.4208310747916501
0.013674667105078695	35229.54835691734	0.4208310747916501
0.01395091228187084	35354.25166091636	0.4208310747916501
0.014232739806175235	35467.32250443886	0.4208310747916501
0.014520260505378241	35568.38004533481	0.4208310747916501
0.014813594520092009	35657.03735662754	0.4208310747916501
0.015112848952412612	35732.89463255394	0.4208310747916501
0.01541814953088761	35795.590540799436	0.4208310747916501
0.01572961546480656	35844.73383532534	0.4208310747916501
0.016047367826104168	35879.973412189596	0.4208310747916501
0.016371553763747222	35900.95134988012	0.4208310747916501
0.016702271997928612	35907.315858493654	0.4208310747916501
0.017039688304066655	35898.733319788975	0.4208310747916501
0.017383905127644535	35874.89347111355	0.4208310747916501
0.0177350901067257	35948.39499247678	0.4208310747916501
0.018093355000019067	35899.48512915751	0.4208310747916501
0.01845887303352356	35834.58664371231	0.4208310747916501
0.0188317559659481	35753.45589155277	0.4208310747916501
0.019212193787097927	35655.86618148017	0.4208310747916501
0.019600313156843185	35541.61277460721	0.4208310747916501
0.01999625749886036	35410.54076621991	0.4208310747916501
0.020400216802954667	35262.4854040483	0.4208310747916501
0.02081231772899627	35097.37572766876	0.4208310747916501
0.02123276330530643	34915.11535292717	0.4208310747916501
0.021661683917045593	34715.70786462137	0.4208310747916501
0.02209929004311561	34499.136676717026	0.4208310747916501
0.0225457139313221	34172.4804674675	0.4208310747916501
0.0230011772364378	33918.731069177775	0.4208310747916501
0.023465819656848904	33648.282514250146	0.4208310747916501
0.023939872160553936	33361.35079961384	0.4208310747916501
0.02442347817122936	33058.26512795598	0.4208310747916501
0.024916876107454307	32739.353041337603	0.4208310747916501
0.02542021870613098	32405.06096578769	0.4208310747916501
0.02593375369906425	32055.838791867507	0.4208310747916501
0.026457635685801506	31692.270488632937	0.4208310747916501
0.026992129161953936	31314.913580210312	0.4208310747916501
0.02753739058971406	30982.44062891579	0.4208310747916501
0.02809369564056396	30580.409661013015	0.4208310747916501
0.028661211952567097	30166.703394639117	0.4208310747916501
0.029240220785140977	29742.13311054623	0.4208310747916501
0.029830897226929658	29307.663079786314	0.4208310747916501
0.030433535575866703	28864.2142747292	0.4208310747916501
0.031048320233821862	28412.8759303045	0.4208310747916501
0.031675551086664214	27954.69757672018	0.4208310747916501
0.0323154553771019	27490.826420690668	0.4208310747916501
0.03296825289726257	27022.47364124165	0.4208310747916501
0.0336342714726925	26550.80830323843	0.4208310747916501
0.034313712269067764	26077.134110803476	0.4208310747916501
0.035006910562515245	25603.07468554864	0.4208310747916501
0.03571407869458197	25129.2155409064	0.4208310747916501
0.036435566842556	24657.172545958907	0.4208310747916501
0.03717159852385521	24188.28453750473	0.4208310747916501
0.037922531366348274	23723.85732444808	0.4208310747916501
0.03868859633803367	23265.199068382848	0.4208310747916501
0.03947017714381218	22813.349238712944	0.4208310747916501
0.04026750847697258	22369.513327139557	0.4208310747916501
0.04108098521828651	21934.744538730352	0.4208310747916501
0.04191085323691369	21510.126649807822	0.4208310747916501
0.04275752976536751	21096.59836193714	0.4208310747916501
0.04362126812338829	20695.108179501716	0.4208310747916501
0.04450249299407004	20306.402832446125	0.4208310747916501
0.045401483774185174	19931.152506366634	0.4208310747916501
0.04631867632269861	19569.86865937144	0.4208310747916501
0.047254350036382675	19222.89756166529	0.4208310747916501
0.04820897057652475	18890.370793749684	0.4208310747916501
0.04918283596634864	18572.35112355507	0.4208310747916501
0.05017641931772231	18268.72381037173	0.4208310747916501
0.05119002237915992	17979.267962613132	0.4208310747916501
0.05222415179014205	17703.527563185657	0.4208310747916501
0.05327918007969856	17440.799170747396	0.4208310747916501
0.05435546115040779	17190.15251187892	0.4208310747916501
0.055453538894653334	16950.18858470018	0.4208310747916501
0.05657374486327172	16719.30402708249	0.4208310747916501
0.057716637849807746	16495.69766384479	0.4208310747916501
0.05888256430625916	16277.593392912748	0.4208310747916501
0.06007209792733193	16075.868855993853	0.4208310747916501
0.0612856037914753	15864.394693252201	0.4208310747916501
0.06252367794513701	15652.260461357495	0.4208310747916501
0.06378671526908877	15437.557789816967	0.4208310747916501
0.06507532298564911	15218.311991224413	0.4208310747916501
0.06638989597558977	14992.440463843	0.4208310747916501
0.06773108989000319	14757.688295651526	0.4208310747916501
0.06909931451082231	14511.846662728867	0.4208310747916501
0.07049524784088135	14253.018872026592	0.4208310747916501
0.07191931456327437	13979.867148687825	0.4208310747916501
0.07337221503257751	13691.587488884252	0.4208310747916501
0.07485438883304595	13387.816852891561	0.4208310747916501
0.07636658102273942	13068.570028128737	0.4208310747916501
0.07790925353765489	12734.115902876396	0.4208310747916501
0.07948315888643265	12385.130939463103	0.4208310747916501
0.08108878880739212	12023.115774810087	0.4208310747916501
0.08272692561149599	11650.588843295904	0.4208310747916501
0.08439807593822478	11270.807743679758	0.4208310747916501
0.08610307425260545	10887.278855380519	0.4208310747916501
0.08784241974353789	10503.636278569289	0.4208310747916501
0.08961699903011322	10123.390014142236	0.4208310747916501
0.09142742305994035	9750.092343521297	0.4208310747916501
0.09327434003353116	9387.335280724828	0.4208310747916501
0.095158651471138	9038.675298811204	0.4208310747916501
0.09708093106746676	8707.602211373502	0.4208310747916501
0.09904213994741441	8397.160128541824	0.4208310747916501
0.10104287415742877	8109.7382481927125	0.4208310747916501
0.10308412462472913	7846.773713931077	0.4208310747916501
0.10516651719808581	7608.837130939169	0.4208310747916501
0.10729106515645982	7395.677480819081	0.4208310747916501
0.10945843905210498	7206.277628671078	0.4208310747916501
0.11166969686746601	7038.806621818838	0.4208310747916501
0.1139255166053772	6890.559597462239	0.4208310747916501
0.11622700840234756	6757.981083978895	0.4208310747916501
0.118574894964695	6636.912407711611	0.4208310747916501
0.12097033113241193	6522.713787345499	0.4208310747916501
0.12341402471065524	6410.421812070905	0.4208310747916501
0.12590721249580386	6294.9017496275665	0.4208310747916501
0.12845064699649808	6171.435449118991	0.4208310747916501
0.1310455799102783	6036.274750829798	0.4208310747916501
0.13369281589984897	5886.821717413877	0.4208310747916501
0.1363936513662338	5721.45182201674	0.4208310747916501
0.13914892077445984	5540.014865198178	0.4208310747916501
0.14195998013019562	5344.306338527462	0.4208310747916501
0.1448276787996292	5137.556962292114	0.4208310747916501
0.14775346219539642	4923.824940278653	0.4208310747916501
0.15073834359645846	4708.308026128373	0.4208310747916501
0.15378338098526	4497.028322737203	0.4208310747916501
0.1568900942802429	4295.430067422391	0.4208310747916501
0.16005939245224	4108.048458011381	0.4208310747916501
0.16329288482666016	3938.511294256235	0.4208310747916501
0.16659153997898102	3789.025822862426	0.4208310747916501
0.1699569970369339	3660.1554310963247	0.4208310747916501
0.17339026927947998	3550.824285364552	0.4208310747916501
0.17689307034015658	3458.0738264692495	0.4208310747916501
0.18046644330024722	3377.6306297978954	0.4208310747916501
0.1841122061014175	3304.395684936483	0.4208310747916501
0.18783141672611237	3233.010697920406	0.4208310747916501
0.1916259527206421	3158.156379699414	0.4208310747916501
0.19549694657325745	3075.2869530870926	0.4208310747916501
0.19944635033607477	2981.9975623397236	0.4208310747916501
0.20347532629966736	2877.8063414360627	0.4208310747916501
0.20758591592311865	2764.202924332624	0.4208310747916501
0.21177931129932404	2644.6827237023335	0.4208310747916501
0.2160576283931732	2523.885078889069	0.4208310747916501
0.22042217850685122	2407.0526047990556	0.4208310747916501
0.2248750925064087	2298.6046617908146	0.4208310747916501
0.22941777110099787	2201.784346246967	0.4208310747916501
0.23405241966247559	2118.065308389167	0.4208310747916501
0.23878046870231626	2046.84086027044	0.4208310747916501
0.2436042875051498	1985.6798397812454	0.4208310747916501
0.2485255300998688	1930.7752874667153	0.4208310747916501
0.25354593992233276	1877.8456876710536	0.4208310747916501
0.2586680054664612	1822.9474585805458	0.4208310747916501
0.2638933360576629	1763.2673056606031	0.4208310747916501
0.26922446489334106	1697.9877461428966	0.4208310747916501
0.2746630012989044	1628.2653627678824	0.4208310747916501
0.28021171689033514	1556.7113560608834	0.4208310747916501
0.28587222099304194	1486.7934512173974	0.4208310747916501
0.29164737462997437	1421.6728521012396	0.4208310747916501
0.2975388765335083	1363.3305640141155	0.4208310747916501
0.3035497069358826	1312.246624416861	0.4208310747916501
0.30968165397644043	1267.1750717504217	0.4208310747916501
0.3159377872943878	1225.699975879881	0.4208310747916501
0.32231998443603516	1185.1670169746994	0.4208310747916501
0.3288314342498779	1143.3680438059216	0.4208310747916501
0.33547410368919367	1099.4310983763094	0.4208310747916501
0.3422513008117676	1053.909960515479	0.4208310747916501
0.3491650521755219	1008.4356725383263	0.4208310747916501
0.35621881484985357	964.980620290195	0.4208310747916501
0.3634147346019745	924.9498847393205	0.4208310747916501
0.3707563579082489	888.7609943139988	0.4208310747916501
0.3782459497451782	855.6994768004614	0.4208310747916501
0.3858872056007385	824.3784646962741	0.4208310747916501
0.39368247985839844	793.4370309021339	0.4208310747916501
0.4016355574131012	762.1070126983428	0.4208310747916501
0.409748911857605	730.5366551414882	0.4208310747916501
0.4180265963077545	699.5433857345191	0.4208310747916501
0.4264715015888214	670.0783754339919	0.4208310747916501
0.43508657813072205	642.6717088081849	0.4208310747916501
0.44387611746788025	617.1860906747208	0.4208310747916501
0.45284274220466614	592.987357197902	0.4208310747916501
0.46199101209640503	569.3962055272171	0.4208310747916501
0.4713236093521118	546.0843958412356	0.4208310747916501
0.480845183134079	523.1798535910214	0.4208310747916501
0.4905586838722229	501.1069945559508	0.4208310747916501
0.5004688501358032	480.1878351785932	0.4208310747916501
0.5105787515640259	460.4573096604887	0.4208310747916501
0.5208933353424072	441.64205152712356	0.4208310747916501
0.5314158201217651	423.4248151919704	0.4208310747916501
0.5421513915061951	405.6804595927771	0.4208310747916501
0.5531033277511597	388.5076826921349	0.4208310747916501
0.5642769932746887	372.0610671526162	0.4208310747916501
0.5756758451461792	356.40847927734404	0.4208310747916501
0.5873055458068848	341.45818494943325	0.4208310747916501
0.5991696119308472	327.06887937865844	0.4208310747916501
0.6112739443778992	313.1645007435763	0.4208310747916501
0.6236221194267273	299.7795508356015	0.4208310747916501
0.6362204551696777	286.96472420263984	0.4208310747916501
0.6490726470947266	274.7121144955537	0.4208310747916501
0.6621850728988647	262.9648689257408	0.4208310747916501
0.6755617260932922	251.67159217428886	0.4208310747916501
0.6892093420028687	240.81632761793747	0.4208310747916501
0.7031325697898865	230.40990394898375	0.4208310747916501
0.7173364758491516	220.44796524733337	0.4208310747916501
0.7318279147148132	210.89750888391958	0.4208310747916501
0.746611475944519	201.73375660415016	0.4208310747916501
0.7616943717002869	192.94474073574293	0.4208310747916501
0.7770812511444092	184.5228368678286	0.4208310747916501
0.7927797436714172	176.45445904503714	0.4208310747916501
0.8087944984436035	168.7201184659234	0.4208310747916501
0.8251336216926575	161.3068718964198	0.4208310747916501
0.8418020009994507	154.20626246265434	0.4208310747916501
0.8588079810142517	147.40383053983857	0.4208310747916501
0.8761565685272217	140.8889861961382	0.4208310747916501
0.8938565254211426	134.64763313900465	0.4208310747916501
0.9119131565093994	128.67234206063551	0.4208310747916501
0.9303354024887085	122.95097594079628	0.4208310747916501
0.949129045009613	117.4742210661678	0.4208310747916501
0.9683031439781189	112.23081630530429	0.4208310747916501
0.9878636598587036	107.2123624132377	0.4208310747916501
1.0078202486038208	102.40914254728807	0.4208310747916501
1.0281790494918823	97.8130533837936	0.4208310747916501
1.0489501953125	93.414553568764	0.4208310747916501
1.070139765739441	89.20626709944476	0.4208310747916501
1.0917586088180542	85.17980491489459	0.4208310747916501
1.113813042640686	81.32881455588286	0.4208310747916501
1.136314034461975	77.64471514640714	0.4208310747916501
1.1592696905136108	74.1220461421766	0.4208310747916501
1.1826878786087036	70.75346718336867	0.4208310747916501
1.2065802812576294	67.53258761162321	0.4208310747916501
1.2309542894363403	64.45360967518181	0.4208310747916501
1.255821704864502	61.50965399259899	0.4208310747916501
1.2811903953552246	58.69588587195441	0.4208310747916501
1.3070727586746216	56.00620362784779	0.4208310747916501
1.3334767818450928	53.435489285152826	0.4208310747916501
1.3604153394699097	50.97898072423252	0.4208310747916501
1.3878967761993408	48.63171777642107	0.4208310747916501
1.4159349203109741	46.388968245738994	0.4208310747916501
1.4445379972457886	44.246724832466896	0.4208310747916501
1.4737203121185303	42.200271190980814	0.4208310747916501
1.503490686416626	40.245489748492254	0.4208310747916501
1.5338637828826904	38.37833767623508	0.4208310747916501
1.5648492574691772	36.595214793331095	0.4208310747916501
1.5964618921279907	34.892389862367544	0.4208310747916501
1.6287118196487427	33.26652919011746	0.4208310747916501
1.6616147756576538	31.714169850978287	0.4208310747916501
1.6951807737350464	30.232288760804224	0.4208310747916501
1.7294265031814575	28.817610438936374	0.4208310747916501
1.7643623352050781	27.46731861643708	0.4208310747916501
1.8000056743621826	26.17846854804814	0.4208310747916501
1.8363672494888303	24.94844091306335	0.4208310747916501
1.8734651803970337	23.774573469158096	0.4208310747916501
1.9113107919692993	22.654569296851957	0.4208310747916501
1.9499226808547974	21.585917106882327	0.4208310747916501
1.9893145561218262	20.56631589297476	0.4208310747916501
2.0295004844665527	19.593665107830713	0.4208310747916501
2.070500135421753	18.665761726860914	0.4208310747916501
2.11232590675354	17.78074089956457	0.4208310747916501
2.154998540878296	16.936599434952125	0.4208310747916501
2.19853138923645	16.131604462520556	0.4208310747916501
2.242945671081543	15.36387628331796	0.4208310747916501
2.288254976272583	14.631817745240285	0.4208310747916501
2.334482192993164	13.933772721270945	0.4208310747916501
2.3816404342651367	13.268284148068094	0.4208310747916501
2.4297537803649902	12.633799230943865	0.4208310747916501
2.478837013244629	12.028981420633087	0.4208310747916501
2.528913974761963	11.452427940229109	0.4208310747916501
2.580000162124634	10.902899547801049	0.4208310747916501
2.6321208477020264	10.379125853962911	0.4208310747916501
2.6852917671203613	9.87999606774425	0.4208310747916501
2.7395396232604976	9.40432558448554	0.4208310747916501
2.794880390167236	8.951053482838908	0.4208310747916501
2.8513422012329106	8.519164740444866	0.4208310747916501
2.9089415073394775	8.107671585424592	0.4208310747916501
2.967707395553589	7.715634105950225	0.4208310747916501
3.0276577472686768	7.342155786476638	0.4208310747916501
3.0888218879699707	6.986382245295991	0.4208310747916501
3.151218891143799	6.647500887548812	0.4208310747916501
3.214878797531128	6.324718753836531	0.4208310747916501
3.279825448989868	6.017291052522944	0.4208310747916501
3.346080780029297	5.724527015607075	0.4208310747916501
3.413677453994751	5.445720708731957	0.4208310747916501
3.48263669013977	5.180242650076143	0.4208310747916501
3.5529923439025874	4.927444762543678	0.4208310747916501
3.6247656345367427	4.686763687743142	0.4208310747916501
3.6979923248291025	4.457607759328589	0.4208310747916501
3.7726948261260986	4.239459717898759	0.4208310747916501
3.848910093307495	4.031777235527959	0.4208310747916501
3.9266612529754643	3.8340958064123574	0.4208310747916501
4.005986690521241	3.645920486193805	0.4208310747916501
4.086911201477051	3.4668235717091567	0.4208310747916501
4.169474124908447	3.2963620914570573	0.4208310747916501
4.253701210021973	3.134142683825217	0.4208310747916501
4.339633464813232	2.9797624109667162	0.4208310747916501
4.427297592163086	2.8328645874534732	0.4208310747916501
4.516737461090088	2.693078590587779	0.4208310747916501
4.607978820800781	2.56007969786898	0.4208310747916501
4.70106840133667	2.4335356549938885	0.4208310747916501
4.796033859252931	2.3131483654855765	0.4208310747916501
4.892922878265381	2.1986135720984694	0.4208310747916501
4.991764068603515	2.0896628891898983	0.4208310747916501
5.092606544494629	1.9860183754515865	0.4208310747916501