#  k [h/Mpc]          Pk/s8^2 [Mpc/h]^3          s8
5.3832945923204525e-6	35.388849443887004	0.4959603534370737
5.492044692800844e-6	36.08180935552818	0.4959603534370737
5.602991222986015e-6	36.78833530472727	0.4959603534370737
5.71617920286372e-6	37.50869706525048	0.4959603534370737
5.831653652421664e-6	38.243159418900326	0.4959603534370737
5.949460501142307e-6	38.99200578777529	0.4959603534370737
6.069647952244846e-6	39.755524903361334	0.4959603534370737
6.192262844706423e-6	40.53398204622386	0.4959603534370737
6.3173547459882735e-6	41.32768725346038	0.4959603534370737
6.4449741330463515e-6	42.13693712521686	0.4959603534370737
6.575171028089249e-6	42.9620294759414	0.4959603534370737
6.707998181809679e-6	43.80326856885275	0.4959603534370737
6.8435087996476796e-6	44.66099156794767	0.4959603534370737
6.981756541790679e-6	45.535507500999046	0.4959603534370737
7.122797342162812e-6	46.427143800689585	0.4959603534370737
7.2666875894355986e-6	47.336246370373495	0.4959603534370737
7.413485036522603e-6	48.263152976907556	0.4959603534370737
7.5632465268427074e-6	49.20818880552277	0.4959603534370737
7.716034815530298e-6	50.17175008077556	0.4959603534370737
7.871908564993646e-6	51.15418435483467	0.4959603534370737
8.030931894609227e-6	52.15583623486416	0.4959603534370737
8.193167559511487e-6	53.177112998750644	0.4959603534370737
8.358680133824245e-6	54.218378330745274	0.4959603534370737
8.527536920155397e-6	55.28004329321521	0.4959603534370737
8.699804311618209e-6	56.36248705091896	0.4959603534370737
8.875552339304699e-6	57.466136808266505	0.4959603534370737
9.054850124812226e-6	58.59139371378654	0.4959603534370737
9.237770427716884e-6	59.738687448746234	0.4959603534370737
9.42438600759488e-6	60.90843260215889	0.4959603534370737
9.614770533517013e-6	62.10109122686178	0.4959603534370737
9.809003131522333e-6	63.317108999810856	0.4959603534370737
0.000010007157470681691	64.55693271502035	0.4959603534370737
0.000010209315405518282	65.8210221195203	0.4959603534370737
0.000010415557881060505	67.10987578181312	0.4959603534370737
0.000010625965842336889	68.42396912305976	0.4959603534370737
0.000010840623872354637	69.763774857454	0.4959603534370737
0.000011059620192099837	71.12984393035197	0.4959603534370737
0.000011283037565590357	72.52264385274016	0.4959603534370737
0.00001151097148976987	73.94272792763368	0.4959603534370737
0.000011743507457140366	75.39060311030242	0.4959603534370737
0.000011980741874140228	76.86682598163323	0.4959603534370737
0.000012222769328218419	78.37196760384634	0.4959603534370737
0.000012469685316318665	79.90656759576873	0.4959603534370737
0.000012721589882858103	81.47123908937616	0.4959603534370737
0.000012978583072253965	83.06653789989626	0.4959603534370737
0.00001324076765740755	84.69306321887436	0.4959603534370737
0.00001350824913970427	86.35146037799038	0.4959603534370737
0.000013781134839518936	88.04232523736277	0.4959603534370737
0.000014059531167731634	89.7662655240817	0.4959603534370737
0.000014343552720674764	91.5239912663656	0.4959603534370737
0.000014633312275691415	93.31614858716992	0.4959603534370737
0.000014928924429113989	95.14335934726067	0.4959603534370737
0.000015230508324748354	97.00638251999264	0.4959603534370737
0.000015538184015895237	98.90584749490532	0.4959603534370737
0.000015852077922318134	100.84252267050528	0.4959603534370737
0.00001617231100681238	102.81713206051252	0.4959603534370737
0.00001649901241762563	104.83038923885023	0.4959603534370737
0.000016832314940984378	106.88306353374219	0.4959603534370737
0.000017172349544125592	108.97594993529255	0.4959603534370737
0.00001751925447024406	111.10982459760706	0.4959603534370737
0.000017873167962534357	113.28547346638504	0.4959603534370737
0.00001823423008318059	115.50370466564921	0.4959603534370737
0.00001860258453234565	117.76537472482364	0.4959603534370737
0.00001897838228615001	120.07132907059355	0.4959603534370737
0.000019361770682735372	122.42244442107463	0.4959603534370737
0.00001975290433620106	124.81958416647262	0.4959603534370737
0.000020151937860646305	127.26363760457086	0.4959603534370737
0.000020559036784106862	129.7556199816379	0.4959603534370737
0.000020974357539671456	132.29635423181105	0.4959603534370737
0.00002139806747436524	134.8868172589949	0.4959603534370737
0.00002183033575420271	137.52798031065552	0.4959603534370737
0.000022271337002166554	140.2208954125364	0.4959603534370737
0.00002272124766022901	142.96656057186803	0.4959603534370737
0.000023180249627330337	145.7659526550881	0.4959603534370737
0.000023648521164432168	148.6201584894672	0.4959603534370737
0.000024126253265421855	151.5302570525053	0.4959603534370737
0.000024613633286207908	154.497301760383	0.4959603534370737
0.000025110863134614195	157.52252347372442	0.4959603534370737
0.000025618135623517467	160.60689416680307	0.4959603534370737
0.00002613565629872031	163.75170053118438	0.4959603534370737
0.000026663634344004078	166.95808179298504	0.4959603534370737
0.000027202273486182104	170.2272171436269	0.4959603534370737
0.000027751795641961548	173.56035474137772	0.4959603534370737
0.000028312419090070806	176.9587996981029	0.4959603534370737
0.000028884367566206482	180.42374458673197	0.4959603534370737
0.000029467868444044133	183.95650292530843	0.4959603534370737
0.000030063161830184968	187.55846442367923	0.4959603534370737
0.000030670478736283224	191.23096288901044	0.4959603534370737
0.000031290062906919034	194.9753626524048	0.4959603534370737
0.000031922165362630026	198.79304432461163	0.4959603534370737
0.000032567033485975116	202.6854790514644	0.4959603534370737
0.000033224929211428355	206.65410744439114	0.4959603534370737
0.000033896121749421555	210.70048153636725	0.4959603534370737
0.00003458086939644997	214.8260362306341	0.4959603534370737
0.00003527944863890294	219.0323882963748	0.4959603534370737
0.0000359921396011487	223.3210726603899	0.4959603534370737
0.00003671922968351278	227.69376776494414	0.4959603534370737
0.000037461006286321215	232.15196256335298	0.4959603534370737
0.00003821776408585719	236.69753686908015	0.4959603534370737
0.00003898981958627702	241.33206275341396	0.4959603534370737
0.00003977746746386408	246.0573644022656	0.4959603534370737
0.000040581024222774465	250.8751129060663	0.4959603534370737
0.000041400813643122085	255.78719045324763	0.4959603534370737
0.00004223716314299965	260.7954103966493	0.4959603534370737
0.00004309041105443616	265.9017078866201	0.4959603534370737
0.00004396089570946057	271.10801684950695	0.4959603534370737
0.00004484896271605977	276.41611914361505	0.4959603534370737
0.000045754968596156605	281.82824210223833	0.4959603534370737
0.00004667929169954734	287.34631937332324	0.4959603534370737
0.00004762227399623955	292.9723227586519	0.4959603534370737
0.000048584304749965735	298.7085426713007	0.4959603534370737
0.00004956577686243698	304.5570809213711	0.4959603534370737
0.000050567068683449145	310.5199766789136	0.4959603534370737
0.00005158859130460773	316.599676970523	0.4959603534370737
0.00005263074854156009	322.79832760288986	0.4959603534370737
0.000053693958761869	329.1183407841373	0.4959603534370737
0.00005477865124703387	335.5621163112698	0.4959603534370737
0.00005588524800259622	342.13188590161843	0.4959603534370737
0.00005701420377590698	348.83038891971114	0.4959603534370737
0.00005816596967633813	355.6599370250965	0.4959603534370737
0.0000593409968132619	362.62311864215536	0.4959603534370737
0.00006053977995179594	369.7227390193728	0.4959603534370737
0.00006176275928737601	376.9611458638765	0.4959603534370737
0.00006301045505097132	384.3412840450641	0.4959603534370737
0.00006428334745578468	391.86576774466556	0.4959603534370737
0.00006558195309480648	399.53760477595785	0.4959603534370737
0.00006690679583698507	407.3596124119922	0.4959603534370737
0.00006825839955126868	415.3345950385149	0.4959603534370737
0.0000696373099344782	423.46572082360166	0.4959603534370737
0.00007104407268343497	431.7558597523078	0.4959603534370737
0.00007247926259879031	440.2083969575479	0.4959603534370737
0.00007394343992928044	448.82616799883715	0.4959603534370737
0.00007543719402747222	457.61258261137124	0.4959603534370737
0.00007696112152189019	466.5709898167012	0.4959603534370737
0.00007851585542084646	475.70467134731376	0.4959603534370737
0.00008010198507690791	485.0170265822739	0.4959603534370737
0.00008172015077434479	494.5115865782294	0.4959603534370737
0.00008337100734934218	504.191960868435	0.4959603534370737
0.00008505520963808526	514.0616314072157	0.4959603534370737
0.00008677344158058991	524.1242956578812	0.4959603534370737
0.00008852637256495652	534.3838668353006	0.4959603534370737
0.00009031472291098898	544.8441848431839	0.4959603534370737
0.00009213919838657605	555.5090520498585	0.4959603534370737
0.0000940005265874789	566.3824520343707	0.4959603534370737
0.00009589947148924698	577.468708184034	0.4959603534370737
0.0000978367679635995	588.7716309152684	0.4959603534370737
0.00009981319453800107	600.2956836587183	0.4959603534370737
0.00010182957339566193	612.0450895665248	0.4959603534370737
0.00010388666851213194	624.0241405223018	0.4959603534370737
0.00010598531662253655	636.2375547385606	0.4959603534370737
0.0001081263617379591	648.689714741069	0.4959603534370737
0.00011031066242139786	661.3853710375882	0.4959603534370737
0.00011253908451180906	674.3292337160125	0.4959603534370737
0.0001148125156760216	687.5258881377846	0.4959603534370737
0.0001171318799606524	700.9807597247594	0.4959603534370737
0.00011949810141231852	714.6984570143543	0.4959603534370737
0.00012191212590550998	728.6844415713693	0.4959603534370737
0.00012437491386663152	742.9436649910286	0.4959603534370737
0.00012688744754996156	757.4813520023557	0.4959603534370737
0.00012945073831360782	772.3033303874107	0.4959603534370737
0.00013206583389546725	787.4148235397563	0.4959603534370737
0.00013473375292960557	802.8217807321212	0.4959603534370737
0.0001374555577058346	818.5294679981478	0.4959603534370737
0.0001402323250658809	834.5439693164016	0.4959603534370737
0.00014306521916296344	850.8711837005355	0.4959603534370737
0.00014595531683880836	867.5172764870873	0.4959603534370737
0.0001489037967985496	884.4884998589533	0.4959603534370737
0.00015191186685115085	901.7910403883753	0.4959603534370737
0.0001549806765979156	919.4313581085494	0.4959603534370737
0.00015811149205546807	937.4158239803927	0.4959603534370737
0.00016130555013660323	955.7513774439915	0.4959603534370737
0.00016456414596177638	974.4450745716526	0.4959603534370737
0.00016788860375527314	993.5035492868293	0.4959603534370737
0.00017128017498180262	1012.9335605900358	0.4959603534370737
0.00017474024207331235	1032.7423696134238	0.4959603534370737
0.0001782702311174945	1052.9375846142748	0.4959603534370737
0.00018187153909821071	1073.5268813986563	0.4959603534370737
0.00018554557755123805	1094.5172508343028	0.4959603534370737
0.000189293845323846	1115.9171732140069	0.4959603534370737
0.00019311782671138658	1137.7337323485003	0.4959603534370737
0.0001970190496649595	1159.9758140625258	0.4959603534370737
0.0002009991003433245	1182.6510144980937	0.4959603534370737
0.00020505955035332585	1205.76803584998	0.4959603534370737
0.0002092020295094699	1229.3352029262417	0.4959603534370737
0.00021342818217817678	1253.3610270992647	0.4959603534370737
0.00021773976914118986	1277.854948983007	0.4959603534370737
0.00022213840566109866	1302.8254168381743	0.4959603534370737
0.00022662588162347658	1328.2815383014154	0.4959603534370737
0.00023120403056964278	1354.232938706837	0.4959603534370737
0.00023587465693708523	1380.689053124107	0.4959603534370737
0.00024063963792286832	1407.6592088964478	0.4959603534370737
0.00024550087982788655	1435.1535076937237	0.4959603534370737
0.0002504603180568665	1463.1823736958372	0.4959603534370737
0.00025551993167027804	1491.7552516668911	0.4959603534370737
0.00026068178704008444	1520.8830558462528	0.4959603534370737
0.00026594789233058707	1550.5763547692568	0.4959603534370737
0.0002713204012252388	1580.845966986532	0.4959603534370737
0.0002768014383036642	1611.7024864102807	0.4959603534370737
0.00028239324456080816	1643.158067284991	0.4959603534370737
0.00028809794457629323	1675.2222508424688	0.4959603534370737
0.0002939179248642178	1707.908121536124	0.4959603534370737
0.00029985545552335685	1741.2269053335438	0.4959603534370737
0.00030591292306780815	1775.1908330865087	0.4959603534370737
0.00031209277221932996	1809.8119996627959	0.4959603534370737
0.00031839747680351116	1845.1021575200468	0.4959603534370737
0.00032482951064594074	1881.0753819890888	0.4959603534370737
0.0003313914930913598	1917.7430374707478	0.4959603534370737
0.0003380860434845092	1955.1188153320297	0.4959603534370737
0.00034491583937779064	1993.2164882740844	0.4959603534370737
0.0003518835874274374	2032.0485304451881	0.4959603534370737
0.0003589921107050029	2071.629388234461	0.4959603534370737
0.00036624420317821194	2111.9730643917765	0.4959603534370737
0.00037364283343777077	2153.093473652963	0.4959603534370737
0.00038119088276289425	2195.005458639187	0.4959603534370737
0.0003888914943672718	2237.7232029533675	0.4959603534370737
0.00039674757863394927	2281.26128802021	0.4959603534370737
0.0004047623951919378	2325.6364765044773	0.4959603534370737
0.00041293932008557016	2370.863646830777	0.4959603534370737
0.00042128126369789226	2416.957428049539	0.4959603534370737
0.00042979168938472867	2463.9340545910004	0.4959603534370737
0.00043847406050190346	2511.810212582943	0.4959603534370737
0.00044733184040524065	2560.6021894604437	0.4959603534370737
0.0004563684924505651	2610.326150014982	0.4959603534370737
0.0004655877419281751	2660.9998983236533	0.4959603534370737
0.00047499322681687767	2712.6400073175655	0.4959603534370737
0.00048458873061463237	2765.2646731513505	0.4959603534370737
0.0004943780368193983	2818.8906737086845	0.4959603534370737
0.0005043651326559483	2873.53741084287	0.4959603534370737
0.0005145540344528854	2929.2223037082153	0.4959603534370737
0.0005249487003311518	2985.9632723180794	0.4959603534370737
0.0005355533212423326	3043.7800794891823	0.4959603534370737
0.0005463722045533356	3102.691555224516	0.4959603534370737
0.0005574096576310695	3162.7174208757565	0.4959603534370737
0.0005686701042577629	3223.8775100159382	0.4959603534370737
0.0005801579682156444	3286.1903105095125	0.4959603534370737
0.0005918779061175887	3349.6776831300413	0.4959603534370737
0.000603834632784128	3414.3584769009267	0.4959603534370737
0.0006160328630357986	3480.255292894448	0.4959603534370737
0.000628477544523776	3547.3877651247954	0.4959603534370737
0.000641173624899238	3615.7785668671727	0.4959603534370737
0.0006541261682286859	3685.4469605752633	0.4959603534370737
0.0006673403549939396	3756.4168517286403	0.4959603534370737
0.000680821540299803	3828.7107281136805	0.4959603534370737
0.0006945753702893851	3902.350530559959	0.4959603534370737
0.0007086067344062027	3977.3574053492443	0.4959603534370737
0.0007229215116240086	4053.7553308196098	0.4959603534370737
0.0007375255227088933	4131.568101297937	0.4959603534370737
0.0007524244138039651	4210.817237249873	0.4959603534370737
0.0007676244131289421	4291.528529804143	0.4959603534370737
0.0007831314578652384	4373.724839185275	0.4959603534370737
0.0007989517762325708	4457.43178749295	0.4959603534370737
0.0008150916546583177	4542.672860720708	0.4959603534370737
0.0008315575541928413	4629.472567970737	0.4959603534370737
0.0008483561687171459	4717.8567898273595	0.4959603534370737
0.0008654940756969156	4807.849789311091	0.4959603534370737
0.0008829782018437978	4899.4789852064705	0.4959603534370737
0.0009008154738694433	4992.766091302021	0.4959603534370737
0.0009190131677314636	5087.741790091978	0.4959603534370737
0.0009375784429721536	5184.429142259619	0.4959603534370737
0.0009565186919644477	5282.856134166986	0.4959603534370737
0.0009758416563272478	5383.047709604749	0.4959603534370737
0.000995554961264134	5485.031989053823	0.4959603534370737
0.0010156665230169888	5588.837195760281	0.4959603534370737
0.0010361843742430204	5694.48652437293	0.4959603534370737
0.0010571165475994349	5802.010190266664	0.4959603534370737
0.0010784717742353684	5911.43396955754	0.4959603534370737
0.001100258319638669	6022.787380142898	0.4959603534370737
0.0011224849149584779	6136.096067219295	0.4959603534370737
0.0011451612226665024	6251.392667809619	0.4959603534370737
0.0011682949261739844	6368.697069273813	0.4959603534370737
0.0011918960371986032	6488.04177745298	0.4959603534370737
0.001215973985381425	6609.454194572696	0.4959603534370737
0.0012405382003635164	6732.96078141404	0.4959603534370737
0.0012655986938625568	6858.591741525469	0.4959603534370737
0.001291165477596223	6986.374286861076	0.4959603534370737
0.001317248679697514	7116.336454806671	0.4959603534370737
0.0013438588939607141	7248.506397478345	0.4959603534370737
0.0013710065977647896	7382.910506634523	0.4959603534370737
0.0013987028505653136	7519.576116150588	0.4959603534370737
0.001426958478987217	7658.533610948875	0.4959603534370737
0.001455784775316715	7799.8068489103625	0.4959603534370737
0.0014851936139166357	7943.425482797364	0.4959603534370737
0.0015151965199038384	8089.414092620339	0.4959603534370737
0.0015458054840564715	8237.800699355406	0.4959603534370737
0.0015770328463986507	8388.611742499821	0.4959603534370737
0.001608890830539166	8541.873080819018	0.4959603534370737
0.0016413925914093848	8697.608579553256	0.4959603534370737
0.0016745509346947074	8855.84594684442	0.4959603534370737
0.001708379015326501	9016.608297158824	0.4959603534370737
0.0017428906867280607	9179.9227218407	0.4959603534370737
0.0017780993366613993	9345.808167219791	0.4959603534370737
0.001814019284211099	9514.290324215217	0.4959603534370737
0.001850664848461748	9685.393009829999	0.4959603534370737
0.0018880506977438912	9859.13562345804	0.4959603534370737
0.001926192780956625	10035.546055638657	0.4959603534370737
0.0019651043694466357	10214.637223695778	0.4959603534370737
0.002004801994189619	10396.43128121427	0.4959603534370737
0.0020453017204999924	10580.94807710318	0.4959603534370737
0.0020866196136921644	10768.206354041407	0.4959603534370737
0.002128771971911191	10958.219502910293	0.4959603534370737
0.0021717760246247044	11151.01250969473	0.4959603534370737
0.002215648768469689	11346.592101870052	0.4959603534370737
0.0022604078985750684	11544.978868539436	0.4959603534370737
0.002306071110069751	11746.183571628935	0.4959603534370737
0.002352656796574592	11950.219605670522	0.4959603534370737
0.0024001835845410824	12157.095420891843	0.4959603534370737
0.0024486703332513566	12366.821179196073	0.4959603534370737
0.0024981368333101273	12579.407646434212	0.4959603534370737
0.002548602409660814	12794.859166526052	0.4959603534370737
0.002600087551400067	13013.180609529458	0.4959603534370737
0.002652612747624517	13234.379866770954	0.4959603534370737
0.0027061989530920974	13458.4525307491	0.4959603534370737
0.00276086782105267	13685.405567910271	0.4959603534370737
0.0028166410047560917	13915.236156647956	0.4959603534370737
0.0028735410887748007	14147.939100316971	0.4959603534370737
0.002931590192019938	14383.509061733104	0.4959603534370737
0.002990812296047808	14621.942649643546	0.4959603534370737
0.003051230451092124	14863.227599210439	0.4959603534370737
0.003112869337201119	15107.354794641671	0.4959603534370737
0.003175753401592373	15354.312307433831	0.4959603534370737
0.0032399094197899116	15604.090362387047	0.4959603534370737
0.0033053599763661636	15856.655532105593	0.4959603534370737
0.0033721325453370805	16111.997443029555	0.4959603534370737
0.0034402539022266843	16370.088775532175	0.4959603534370737
0.003509751986712219	16630.912919539467	0.4959603534370737
0.0035806533414870496	16894.429304770933	0.4959603534370737
0.0036529873032122855	17160.61208832591	0.4959603534370737
0.00372678251005709	17429.429966494095	0.4959603534370737
0.003802068298682568	17700.841964233095	0.4959603534370737
0.003878874937072397	17974.806154030553	0.4959603534370737
0.003957233391702177	18251.288471388987	0.4959603534370737
0.004037174861878155	18531.073242319122	0.4959603534370737
0.0041187312453985206	18812.45091629666	0.4959603534370737
0.004201935138553381	19096.191167061595	0.4959603534370737
0.004286819603294133	19382.225718510414	0.4959603534370737
0.004373419098556042	19670.49824222474	0.4959603534370737
0.004461768083274367	19960.94527734944	0.4959603534370737
0.004551901482045649	20253.489523149383	0.4959603534370737
0.0046438560821116	20548.06374008171	0.4959603534370737
0.004737668205052617	20844.582097571318	0.4959603534370737
0.004833375103771686	21142.966345834127	0.4959603534370737
0.004931015428155661	21443.125501481893	0.4959603534370737
0.005030628759413961	21744.97771894377	0.4959603534370737
0.005132254213094711	22048.41504720346	0.4959603534370737
0.005235932301729918	22352.947697084706	0.4959603534370737
0.00534170772880316	22659.230428651405	0.4959603534370737
0.0054496172815561295	22966.77487587286	0.4959603534370737
0.005559706129133701	23275.46752152513	0.4959603534370737
0.005672019906342031	23585.191742392013	0.4959603534370737
0.005786602385342121	23895.824156216324	0.4959603534370737
0.005903499666601419	24207.22484008417	0.4959603534370737
0.0060227578505873715	24519.259807301147	0.4959603534370737
0.006144425366073845	24831.784814896	0.4959603534370737
0.00626855064183474	25144.64268975831	0.4959603534370737
0.006395183969289065	25457.852986245623	0.4959603534370737
0.0065243751741945735	25770.941483712497	0.4959603534370737
0.006656176410615444	26083.88638284531	0.4959603534370737
0.006790639832615857	26396.512255991438	0.4959603534370737
0.006927819922566412	26708.62585425736	0.4959603534370737
0.00706777069717646	27020.058502404227	0.4959603534370737
0.0072105489671230325	27330.59694929278	0.4959603534370737
0.007356211543083194	27640.045697270314	0.4959603534370737
0.007504817098379136	27948.1344808251	0.4959603534370737
0.007656424306333065	28254.74572660143	0.4959603534370737
0.007811094168573624	28559.620613099243	0.4959603534370737
0.007968888618052008	28862.51943074419	0.4959603534370737
0.008129870519042013	29163.189146557183	0.4959603534370737
0.008294104598462575	29461.3941580122	0.4959603534370737
0.008461656980216507	29756.88280280372	0.4959603534370737
0.008632592856884003	30049.41561151234	0.4959603534370737
0.008806983008980751	30338.678852411736	0.4959603534370737
0.00898490007966757	30624.429073258343	0.4959603534370737
0.009166406467556957	30906.37362795919	0.4959603534370737
0.00935158040374517	31184.21918544614	0.4959603534370737
0.009540494531393048	31457.684318605847	0.4959603534370737
0.009733225218951702	31726.450739204494	0.4959603534370737
0.009929848834872242	31990.205328578355	0.4959603534370737
0.010130445472896097	32248.6473835278	0.4959603534370737
0.010335093364119525	32501.44386850858	0.4959603534370737
0.010543875396251675	32748.25785260687	0.4959603534370737
0.010756876319646837	32988.742269643786	0.4959603534370737
0.010974179953336717	33222.56486981257	0.4959603534370737
0.011195871978998186	33449.35132766195	0.4959603534370737
0.011422043666243548	33668.74459389382	0.4959603534370737
0.011652784422039984	33880.37026329165	0.4959603534370737
0.01188818644732237	34083.87927497213	0.4959603534370737
0.012128342874348162	34278.87158841111	0.4959603534370737
0.012373351491987707	34464.98142101634	0.4959603534370737
0.01262330915778875	34641.803712158995	0.4959603534370737
0.012878316454589362	34808.96322395521	0.4959603534370737
0.013138474896550175	34966.07021561735	0.4959603534370737
0.013403890654444691	35112.72959515495	0.4959603534370737
0.013674667105078695	35248.546138680555	0.4959603534370737
0.01395091228187084	35373.11815499869	0.4959603534370737
0.014232739806175235	35486.060111656414	0.4959603534370737
0.014520260505378241	35586.97680045696	0.4959603534370737
0.014813594520092009	35675.4732795295	0.4959603534370737
0.015112848952412612	35751.17656072579	0.4959603534370737
0.01541814953088761	35813.697402716774	0.4959603534370737
0.01572961546480656	35862.66384307521	0.4959603534370737
0.016047367826104168	35897.718805125056	0.4959603534370737
0.016371553763747222	35918.49946044518	0.4959603534370737
0.016702271997928612	35924.6556808854	0.4959603534370737
0.017039688304066655	35915.86244408521	0.4959603534370737
0.017383905127644535	35891.796427443165	0.4959603534370737
0.0177350901067257	35965.128385350436	0.4959603534370737
0.018093355000019067	35915.97791757202	0.4959603534370737
0.01845887303352356	35850.83211422403	0.4959603534370737
0.0188317559659481	35769.45248862413	0.4959603534370737
0.019212193787097927	35671.60531584613	0.4959603534370737
0.019600313156843185	35557.09226835461	0.4959603534370737
0.01999625749886036	35425.74620476428	0.4959603534370737
0.020400216802954667	35277.41989332828	0.4959603534370737
0.02081231772899627	35112.025354395875	0.4959603534370737
0.02123276330530643	34929.47192659297	0.4959603534370737
0.021661683917045593	34729.766445247915	0.4959603534370737
0.02209929004311561	34512.897455778555	0.4959603534370737
0.0225457139313221	34185.90291455927	0.4959603534370737
0.0230011772364378	33931.845580890724	0.4959603534370737
0.023465819656848904	33661.08904365833	0.4959603534370737
0.023939872160553936	33373.841920569444	0.4959603534370737
0.02442347817122936	33070.44158422092	0.4959603534370737
0.024916876107454307	32751.211855700843	0.4959603534370737
0.02542021870613098	32416.596242979835	0.4959603534370737
0.02593375369906425	32067.057517032987	0.4959603534370737
0.026457635685801506	31703.160458656497	0.4959603534370737
0.026992129161953936	31325.490321828413	0.4959603534370737
0.02753739058971406	30992.715460669973	0.4959603534370737
0.02809369564056396	30590.36272358504	0.4959603534370737
0.028661211952567097	30176.33960579373	0.4959603534370737
0.029240220785140977	29751.45149639626	0.4959603534370737
0.029830897226929658	29316.66976391542	0.4959603534370737
0.030433535575866703	28872.908035390312	0.4959603534370737
0.031048320233821862	28421.26850712917	0.4959603534370737
0.031675551086664214	27962.777210253174	0.4959603534370737
0.0323154553771019	27498.61450454146	0.4959603534370737
0.03296825289726257	27029.97040871742	0.4959603534370737
0.0336342714726925	26558.017226809465	0.4959603534370737
0.034313712269067764	26084.061618417385	0.4959603534370737
0.035006910562515245	25609.726237926938	0.4959603534370737
0.03571407869458197	25135.598164666128	0.4959603534370737
0.036435566842556	24663.295459057586	0.4959603534370737
0.03717159852385521	24194.146275631803	0.4959603534370737
0.037922531366348274	23729.475370339584	0.4959603534370737
0.03868859633803367	23270.57099455774	0.4959603534370737
0.03947017714381218	22818.494653567952	0.4959603534370737
0.04026750847697258	22374.43464849585	0.4959603534370737
0.04108098521828651	21939.444305642188	0.4959603534370737
0.04191085323691369	21514.615442443537	0.4959603534370737
0.04275752976536751	21100.89100209166	0.4959603534370737
0.04362126812338829	20699.204385740526	0.4959603534370737
0.04450249299407004	20310.319339804777	0.4959603534370737
0.045401483774185174	19934.889669119988	0.4959603534370737
0.04631867632269861	19573.434366656515	0.4959603534370737
0.047254350036382675	19226.298644929822	0.4959603534370737
0.04820897057652475	18893.616756330477	0.4959603534370737
0.04918283596634864	18575.452119982194	0.4959603534370737
0.05017641931772231	18271.68046433983	0.4959603534370737
0.05119002237915992	17982.08732854287	0.4959603534370737
0.05222415179014205	17706.216927216305	0.4959603534370737
0.05327918007969856	17443.366096146925	0.4959603534370737
0.05435546115040779	17192.59989583652	0.4959603534370737
0.055453538894653334	16952.522078656955	0.4959603534370737
0.05657374486327172	16721.528232026292	0.4959603534370737
0.057716637849807746	16497.81499444245	0.4959603534370737
0.05888256430625916	16279.610468964995	0.4959603534370737
0.06007209792733193	16077.783675618186	0.4959603534370737
0.0612856037914753	15866.222061865461	0.4959603534370737
0.06252367794513701	15653.99229051865	0.4959603534370737
0.06378671526908877	15439.195053451947	0.4959603534370737
0.06507532298564911	15219.863885306564	0.4959603534370737
0.06638989597558977	14993.910491903553	0.4959603534370737
0.06773108989000319	14759.068840514776	0.4959603534370737
0.06909931451082231	14513.151626558883	0.4959603534370737
0.07049524784088135	14254.242376261012	0.4959603534370737
0.07191931456327437	13981.014768055169	0.4959603534370737
0.07337221503257751	13692.65943362449	0.4959603534370737
0.07485438883304595	13388.8117877226	0.4959603534370737
0.07636658102273942	13069.495261069455	0.4959603534370737
0.07790925353765489	12734.970248037664	0.4959603534370737
0.07948315888643265	12385.916262124998	0.4959603534370737
0.08108878880739212	12023.836114658128	0.4959603534370737
0.08272692561149599	11651.249362699278	0.4959603534370737
0.08439807593822478	11271.406746283848	0.4959603534370737
0.08610307425260545	10887.820803174058	0.4959603534370737
0.08784241974353789	10504.12593040685	0.4959603534370737
0.08961699903011322	10123.829639224881	0.4959603534370737
0.09142742305994035	9750.486111505339	0.4959603534370737
0.09327434003353116	9387.683866427828	0.4959603534370737
0.095158651471138	9038.984686644284	0.4959603534370737
0.09708093106746676	8707.875675055895	0.4959603534370737
0.09904213994741441	8397.398981223982	0.4959603534370737
0.10104287415742877	8109.947789681604	0.4959603534370737
0.10308412462472913	7846.952272224531	0.4959603534370737
0.10516651719808581	7608.991053014708	0.4959603534370737
0.10729106515645982	7395.807599039612	0.4959603534370737
0.10945843905210498	7206.385790018571	0.4959603534370737
0.11166969686746601	7038.894898722961	0.4959603534370737
0.1139255166053772	6890.6291334825755	0.4959603534370737
0.11622700840234756	6758.03274877944	0.4959603534370737
0.118574894964695	6636.947100292566	0.4959603534370737
0.12097033113241193	6522.733483902852	0.4959603534370737
0.12341402471065524	6410.427028413041	0.4959603534370737
0.12590721249580386	6294.892874682175	0.4959603534370737
0.12845064699649808	6171.413850771456	0.4959603534370737
0.1310455799102783	6036.242576684068	0.4959603534370737
0.13369281589984897	5886.7770825592825	0.4959603534370737
0.1363936513662338	5721.396254265145	0.4959603534370737
0.13914892077445984	5539.952084100849	0.4959603534370737
0.14195998013019562	5344.23496956367	0.4959603534370737
0.1448276787996292	5137.478518800229	0.4959603534370737
0.14775346219539642	4923.741792961078	0.4959603534370737
0.15073834359645846	4708.220232583555	0.4959603534370737
0.15378338098526	4496.937083781402	0.4959603534370737
0.1568900942802429	4295.335519294405	0.4959603534370737
0.16005939245224	4107.950636800146	0.4959603534370737
0.16329288482666016	3938.41257349483	0.4959603534370737
0.16659153997898102	3788.9247683005956	0.4959603534370737
0.1699569970369339	3660.0520912219145	0.4959603534370737
0.17339026927947998	3550.7188812182535	0.4959603534370737
0.17689307034015658	3457.9667005805577	0.4959603534370737
0.18046644330024722	3377.521093411262	0.4959603534370737
0.1841122061014175	3304.2842121203616	0.4959603534370737
0.18783141672611237	3232.897790957489	0.4959603534370737
0.1916259527206421	3158.041695691085	0.4959603534370737
0.19549694657325745	3075.1720468205845	0.4959603534370737
0.19944635033607477	2981.8817694892373	0.4959603534370737
0.20347532629966736	2877.6924783141176	0.4959603534370737
0.20758591592311865	2764.0900564873095	0.4959603534370737
0.21177931129932404	2644.5723746623767	0.4959603534370737
0.2160576283931732	2523.7763170891058	0.4959603534370737
0.22042217850685122	2406.9466278205923	0.4959603534370737
0.2248750925064087	2298.5016001550366	0.4959603534370737
0.22941777110099787	2201.6832981529333	0.4959603534370737
0.23405241966247559	2117.9661971257265	0.4959603534370737
0.23878046870231626	2046.743393859409	0.4959603534370737
0.2436042875051498	1985.5835817339716	0.4959603534370737
0.2485255300998688	1930.6798925348803	0.4959603534370737
0.25354593992233276	1877.7512960395768	0.4959603534370737
0.2586680054664612	1822.854413438441	0.4959603534370737
0.2638933360576629	1763.1759661023377	0.4959603534370737
0.26922446489334106	1697.8985296143155	0.4959603534370737
0.2746630012989044	1628.1786241563532	0.4959603534370737
0.28021171689033514	1556.6274280254495	0.4959603534370737
0.28587222099304194	1486.7123939963428	0.4959603534370737
0.29164737462997437	1421.5942749975356	0.4959603534370737
0.2975388765335083	1363.25442019242	0.4959603534370737
0.3035497069358826	1312.172574114218	0.4959603534370737
0.30968165397644043	1267.1025820682926	0.4959603534370737
0.3159377872943878	1225.629193680813	0.4959603534370737
0.32231998443603516	1185.0979368307762	0.4959603534370737
0.3288314342498779	1143.3007397679976	0.4959603534370737
0.33547410368919367	1099.3657729933202	0.4959603534370737
0.3422513008117676	1053.846820324262	0.4959603534370737
0.3491650521755219	1008.3746418166809	0.4959603534370737
0.35621881484985357	964.9219562478629	0.4959603534370737
0.3634147346019745	924.8931164210474	0.4959603534370737
0.3707563579082489	888.7061960487234	0.4959603534370737
0.3782459497451782	855.6462987898252	0.4959603534370737
0.3858872056007385	824.326924530742	0.4959603534370737
0.39368247985839844	793.3869277947729	0.4959603534370737
0.4016355574131012	762.0587435898024	0.4959603534370737
0.409748911857605	730.4899928216028	0.4959603534370737
0.4180265963077545	699.4984615845657	0.4959603534370737
0.4264715015888214	670.0351590214353	0.4959603534370737
0.43508657813072205	642.6299798171771	0.4959603534370737
0.44387611746788025	617.1460205617439	0.4959603534370737
0.45284274220466614	592.9486218258082	0.4959603534370737
0.46199101209640503	569.358803944386	0.4959603534370737
0.4713236093521118	546.0483054914689	0.4959603534370737
0.480845183134079	523.145146264445	0.4959603534370737
0.4905586838722229	501.0737298749226	0.4959603534370737
0.5004688501358032	480.1557745493834	0.4959603534370737
0.5105787515640259	460.4264017070817	0.4959603534370737
0.5208933353424072	441.61226863200153	0.4959603534370737
0.5314158201217651	423.3962285175639	0.4959603534370737
0.5421513915061951	405.65303472652243	0.4959603534370737
0.5531033277511597	388.48129089865944	0.4959603534370737
0.5642769932746887	372.0356729455238	0.4959603534370737
0.5756758451461792	356.3841103234338	0.4959603534370737
0.5873055458068848	341.4347199572792	0.4959603534370737
0.5991696119308472	327.0463938519505	0.4959603534370737
0.6112739443778992	313.14282760295947	0.4959603534370737
0.6236221194267273	299.75880382656294	0.4959603534370737
0.6362204551696777	286.944749762454	0.4959603534370737
0.6490726470947266	274.6929797323353	0.4959603534370737
0.6621850728988647	262.9465289209995	0.4959603534370737
0.6755617260932922	251.6539957589468	0.4959603534370737
0.6892093420028687	240.79941153550013	0.4959603534370737
0.7031325697898865	230.39375771020934	0.4959603534370737
0.7173364758491516	220.43249392551462	0.4959603534370737
0.7318279147148132	210.88265883225836	0.4959603534370737
0.746611475944519	201.71950436714863	0.4959603534370737
0.7616943717002869	192.9310951277352	0.4959603534370737
0.7770812511444092	184.50975652523124	0.4959603534370737
0.7927797436714172	176.44191567030242	0.4959603534370737
0.8087944984436035	168.7081061849281	0.4959603534370737
0.8251336216926575	161.29537358266194	0.4959603534370737
0.8418020009994507	154.19528470117774	0.4959603534370737
0.8588079810142517	147.393324916723	0.4959603534370737
0.8761565685272217	140.87891920663876	0.4959603534370737
0.8938565254211426	134.63799033559053	0.4959603534370737
0.9119131565093994	128.66313647490753	0.4959603534370737
0.9303354024887085	122.9421576516759	0.4959603534370737
0.949129045009613	117.46579157958513	0.4959603534370737
0.9683031439781189	112.22272496116125	0.4959603534370737
0.9878636598587036	107.20464109308861	0.4959603534370737
1.0078202486038208	102.40174879739753	0.4959603534370737
1.0281790494918823	97.80600420056166	0.4959603534370737
1.0489501953125	93.40780661905411	0.4959603534370737
1.070139765739441	89.19980404455711	0.4959603534370737
1.0917586088180542	85.1736429692644	0.4959603534370737
1.113813042640686	81.3229284955444	0.4959603534370737
1.136314034461975	77.63907974411379	0.4959603534370737
1.1592696905136108	74.11667081770662	0.4959603534370737
1.1826878786087036	70.7483214456594	0.4959603534370737
1.2065802812576294	67.52768540961617	0.4959603534370737
1.2309542894363403	64.4489311278147	0.4959603534370737
1.255821704864502	61.50518300141801	0.4959603534370737
1.2811903953552246	58.691606815337956	0.4959603534370737
1.3070727586746216	56.00213073628148	0.4959603534370737
1.3334767818450928	53.43159148550665	0.4959603534370737
1.3604153394699097	50.97525948124065	0.4959603534370737
1.3878967761993408	48.62817866887684	0.4959603534370737
1.4159349203109741	46.38558295596925	0.4959603534370737
1.4445379972457886	44.24349090926728	0.4959603534370737
1.4737203121185303	42.19719242126499	0.4959603534370737
1.503490686416626	40.24255381912915	0.4959603534370737
1.5338637828826904	38.375536948172666	0.4959603534370737
1.5648492574691772	36.592545461485756	0.4959603534370737
1.5964618921279907	34.88983732658524	0.4959603534370737
1.6287118196487427	33.26409330961809	0.4959603534370737
1.6616147756576538	31.711846877260587	0.4959603534370737
1.6951807737350464	30.230069062944253	0.4959603534370737
1.7294265031814575	28.815497738745954	0.4959603534370737
1.7643623352050781	27.465307338422836	0.4959603534370737
1.8000056743621826	26.176549564769108	0.4959603534370737
1.8363672494888303	24.946607786718857	0.4959603534370737
1.8734651803970337	23.772829109688658	0.4959603534370737
1.9113107919692993	22.652904151411864	0.4959603534370737
1.9499226808547974	21.584330296793762	0.4959603534370737
1.9893145561218262	20.56480435300132	0.4959603534370737
2.0295004844665527	19.59222783750483	0.4959603534370737
2.070500135421753	18.664389487418852	0.4959603534370737
2.11232590675354	17.779432705406855	0.4959603534370737
2.154998540878296	16.935356498044623	0.4959603534370737
2.19853138923645	16.13041744601162	0.4959603534370737
2.242945671081543	15.36274424755003	0.4959603534370737
2.288254976272583	14.630743461741408	0.4959603534370737
2.334482192993164	13.93274631865568	0.4959603534370737
2.3816404342651367	13.267308051704237	0.4959603534370737
2.4297537803649902	12.632870843202076	0.4959603534370737
2.478837013244629	12.02809676733731	0.4959603534370737
2.528913974761963	11.451586876718666	0.4959603534370737
2.580000162124634	10.902097071755197	0.4959603534370737
2.6321208477020264	10.378363630670659	0.4959603534370737
2.6852917671203613	9.879267209763967	0.4959603534370737
2.7395396232604976	9.403630707722533	0.4959603534370737
2.794880390167236	8.950393081986192	0.4959603534370737
2.8513422012329106	8.51853398507898	0.4959603534370737
2.9089415073394775	8.10707499126053	0.4959603534370737
2.967707395553589	7.7150643588362815	0.4959603534370737
3.0276577472686768	7.341613616984716	0.4959603534370737
3.0888218879699707	6.985866597609639	0.4959603534370737
3.151218891143799	6.647011461709918	0.4959603534370737
3.214878797531128	6.3242514413827715	0.4959603534370737
3.279825448989868	6.016845722047241	0.4959603534370737
3.346080780029297	5.724104710800057	0.4959603534370737
3.413677453994751	5.445318421290285	0.4959603534370737
3.48263669013977	5.179860620239005	0.4959603534370737
3.5529923439025874	4.92708055931772	0.4959603534370737
3.6247656345367427	4.686417189074912	0.4959603534370737
3.6979923248291025	4.457278313353361	0.4959603534370737
3.7726948261260986	4.239145843470384	0.4959603534370737
3.848910093307495	4.031479309144331	0.4959603534370737
3.9266612529754643	3.833812777939441	0.4959603534370737
4.005986690521241	3.6456510124034494	0.4959603534370737
4.086911201477051	3.4665675417773683	0.4959603534370737
4.169474124908447	3.2961188648838293	0.4959603534370737
4.253701210021973	3.133911363611391	0.4959603534370737
4.339633464813232	2.9795423438204294	0.4959603534370737
4.427297592163086	2.832655054718252	0.4959603534370737
4.516737461090088	2.6928795879156513	0.4959603534370737
4.607978820800781	2.5598903220014018	0.4959603534370737
4.70106840133667	2.4333561854319847	0.4959603534370737
4.796033859252931	2.3129776622121128	0.4959603534370737
4.892922878265381	2.1984507731747276	0.4959603534370737
4.991764068603515	2.0895079542374773	0.4959603534370737
5.092606544494629	1.9858713554947796	0.4959603534370737