#  k [h/Mpc]          Pk/s8^2 [Mpc/h]^3          s8
5.3832945923204525e-6	38.78006200187624	0.4205637660347427
5.492044692800844e-6	39.531835422087305	0.4205637660347427
5.602991222986015e-6	40.29818568777788	0.4205637660347427
5.71617920286372e-6	41.079380020676936	0.4205637660347427
5.831653652421664e-6	41.87573118175383	0.4205637660347427
5.949460501142307e-6	42.687503884823236	0.4205637660347427
6.069647952244846e-6	43.515025310560624	0.4205637660347427
6.192262844706423e-6	44.35858517404268	0.4205637660347427
6.3173547459882735e-6	45.218490661475386	0.4205637660347427
6.4449741330463515e-6	46.09507639598907	0.4205637660347427
6.575171028089249e-6	46.98865124360053	0.4205637660347427
6.707998181809679e-6	47.89954922539715	0.4205637660347427
6.8435087996476796e-6	48.82810664211171	0.4205637660347427
6.981756541790679e-6	49.77466206884376	0.4205637660347427
7.122797342162812e-6	50.739568789250185	0.4205637660347427
7.2666875894355986e-6	51.72316965968081	0.4205637660347427
7.413485036522603e-6	52.725853675601066	0.4205637660347427
7.5632465268427074e-6	53.74796525101283	0.4205637660347427
7.716034815530298e-6	54.789900630061716	0.4205637660347427
7.871908564993646e-6	55.85202717947119	0.4205637660347427
8.030931894609227e-6	56.9347392178273	0.4205637660347427
8.193167559511487e-6	58.03844844552929	0.4205637660347427
8.358680133824245e-6	59.16353597937028	0.4205637660347427
8.527536920155397e-6	60.310452697039494	0.4205637660347427
8.699804311618209e-6	61.479599389980116	0.4205637660347427
8.875552339304699e-6	62.67140445892811	0.4205637660347427
9.054850124812226e-6	63.88632992571268	0.4205637660347427
9.237770427716884e-6	65.12478942611763	0.4205637660347427
9.42438600759488e-6	66.38726799081007	0.4205637660347427
9.614770533517013e-6	67.67420296048036	0.4205637660347427
9.809003131522333e-6	68.98611069195923	0.4205637660347427
0.000010007157470681691	70.3234367992843	0.4205637660347427
0.000010209315405518282	71.68667424645047	0.4205637660347427
0.000010415557881060505	73.07634893595434	0.4205637660347427
0.000010625965842336889	74.49296910412356	0.4205637660347427
0.000010840623872354637	75.93702954382391	0.4205637660347427
0.000011059620192099837	77.4091152362609	0.4205637660347427
0.000011283037565590357	78.90970527030049	0.4205637660347427
0.00001151097148976987	80.43941948166692	0.4205637660347427
0.000011743507457140366	81.99875096863565	0.4205637660347427
0.000011980741874140228	83.58833705247193	0.4205637660347427
0.000012222769328218419	85.20874197481605	0.4205637660347427
0.000012469685316318665	86.86054011783916	0.4205637660347427
0.000012721589882858103	88.5443625686834	0.4205637660347427
0.000012978583072253965	90.26081788004439	0.4205637660347427
0.00001324076765740755	92.01056821516298	0.4205637660347427
0.00001350824913970427	93.79422583158699	0.4205637660347427
0.000013781134839518936	95.6124573417831	0.4205637660347427
0.000014059531167731634	97.46594607147846	0.4205637660347427
0.000014343552720674764	99.35535770516961	0.4205637660347427
0.000014633312275691415	101.28139053060103	0.4205637660347427
0.000014928924429113989	103.24474538072427	0.4205637660347427
0.000015230508324748354	105.2461944021194	0.4205637660347427
0.000015538184015895237	107.28641228439287	0.4205637660347427
0.000015852077922318134	109.36620747542106	0.4205637660347427
0.00001617231100681238	111.48629853160317	0.4205637660347427
0.00001649901241762563	113.6474734665135	0.4205637660347427
0.000016832314940984378	115.85058957051301	0.4205637660347427
0.000017172349544125592	118.09635893076363	0.4205637660347427
0.00001751925447024406	120.3856900739416	0.4205637660347427
0.000017873167962534357	122.7194145895002	0.4205637660347427
0.00001823423008318059	125.09834262342912	0.4205637660347427
0.00001860258453234565	127.52340698647487	0.4205637660347427
0.00001897838228615001	129.99548494064433	0.4205637660347427
0.000019361770682735372	132.5154891512387	0.4205637660347427
0.00001975290433620106	135.08431341073424	0.4205637660347427
0.000020151937860646305	137.7029243721454	0.4205637660347427
0.000020559036784106862	140.37236044237864	0.4205637660347427
0.000020974357539671456	143.09349558975183	0.4205637660347427
0.00002139806747436524	145.86737457646348	0.4205637660347427
0.00002183033575420271	148.69505422211608	0.4205637660347427
0.000022271337002166554	151.57751604862023	0.4205637660347427
0.00002272124766022901	154.5158333409034	0.4205637660347427
0.000023180249627330337	157.51115175456238	0.4205637660347427
0.000023648521164432168	160.56447659396807	0.4205637660347427
0.000024126253265421855	163.67707526858868	0.4205637660347427
0.000024613633286207908	166.84992577204008	0.4205637660347427
0.000025110863134614195	170.0843084009364	0.4205637660347427
0.000025618135623517467	173.38140411450436	0.4205637660347427
0.00002613565629872031	176.74237500492896	0.4205637660347427
0.000026663634344004078	180.16853036649619	0.4205637660347427
0.000027202273486182104	183.6611005245305	0.4205637660347427
0.000027751795641961548	187.22132495330993	0.4205637660347427
0.000028312419090070806	190.8505803793961	0.4205637660347427
0.000028884367566206482	194.55020215656373	0.4205637660347427
0.000029467868444044133	198.3214811713312	0.4205637660347427
0.000030063161830184968	202.16591402980498	0.4205637660347427
0.000030670478736283224	206.0848896594761	0.4205637660347427
0.000031290062906919034	210.0797742343853	0.4205637660347427
0.000031922165362630026	214.1521102919012	0.4205637660347427
0.000032567033485975116	218.3033281694423	0.4205637660347427
0.000033224929211428355	222.5350542484104	0.4205637660347427
0.000033896121749421555	226.8488708232328	0.4205637660347427
0.00003458086939644997	231.24622819135973	0.4205637660347427
0.00003527944863890294	235.72881830976468	0.4205637660347427
0.0000359921396011487	240.29823914185445	0.4205637660347427
0.00003671922968351278	244.9563063100338	0.4205637660347427
0.000037461006286321215	249.70459602511923	0.4205637660347427
0.00003821776408585719	254.54496652571834	0.4205637660347427
0.00003898981958627702	259.47918796997214	0.4205637660347427
0.00003977746746386408	264.50900777856896	0.4205637660347427
0.000040581024222774465	269.6362659619004	0.4205637660347427
0.000041400813643122085	274.8629097287157	0.4205637660347427
0.00004223716314299965	280.1908166828785	0.4205637660347427
0.00004309041105443616	285.622135134731	0.4205637660347427
0.00004396089570946057	291.15854614406584	0.4205637660347427
0.00004484896271605977	296.80237760436785	0.4205637660347427
0.000045754968596156605	302.55555222233636	0.4205637660347427
0.00004667929169954734	308.42018826007467	0.4205637660347427
0.00004762227399623955	314.39857004853843	0.4205637660347427
0.000048584304749965735	320.49269905141625	0.4205637660347427
0.00004956577686243698	326.70505155968027	0.4205637660347427
0.000050567068683449145	333.0376672279681	0.4205637660347427
0.00005158859130460773	339.4930237486184	0.4205637660347427
0.00005263074854156009	346.07349659622514	0.4205637660347427
0.000053693958761869	352.78154930552495	0.4205637660347427
0.00005477865124703387	359.61956371511394	0.4205637660347427
0.00005588524800259622	366.5900697937498	0.4205637660347427
0.00005701420377590698	373.69556045600586	0.4205637660347427
0.00005816596967633813	380.9388600018226	0.4205637660347427
0.0000593409968132619	388.3224860684889	0.4205637660347427
0.00006053977995179594	395.8493134458615	0.4205637660347427
0.00006176275928737601	403.52173566559935	0.4205637660347427
0.00006301045505097132	411.3429332901103	0.4205637660347427
0.00006428334745578468	419.31570445531287	0.4205637660347427
0.00006558195309480648	427.4428616107291	0.4205637660347427
0.00006690679583698507	435.7275259907997	0.4205637660347427
0.00006825839955126868	444.1726380976136	0.4205637660347427
0.0000696373099344782	452.78144606095066	0.4205637660347427
0.00007104407268343497	461.5570102707207	0.4205637660347427
0.00007247926259879031	470.50259718261486	0.4205637660347427
0.00007394343992928044	479.62133203494807	0.4205637660347427
0.00007543719402747222	488.9169055138772	0.4205637660347427
0.00007696112152189019	498.39250035134995	0.4205637660347427
0.00007851585542084646	508.051705189838	0.4205637660347427
0.00008010198507690791	517.897909452413	0.4205637660347427
0.00008172015077434479	527.93489915142	0.4205637660347427
0.00008337100734934218	538.1662437775308	0.4205637660347427
0.00008505520963808526	548.5956687088302	0.4205637660347427
0.00008677344158058991	559.2272064358558	0.4205637660347427
0.00008852637256495652	570.0644744175778	0.4205637660347427
0.00009031472291098898	581.1117598025826	0.4205637660347427
0.00009213919838657605	592.3730221360275	0.4205637660347427
0.0000940005265874789	603.8521446902703	0.4205637660347427
0.00009589947148924698	615.5538075731062	0.4205637660347427
0.0000978367679635995	627.4819130737633	0.4205637660347427
0.00009981319453800107	639.6407583254479	0.4205637660347427
0.00010182957339566193	652.035473917115	0.4205637660347427
0.00010388666851213194	664.6699357852985	0.4205637660347427
0.00010598531662253655	677.5488643793598	0.4205637660347427
0.0001081263617379591	690.6770683318059	0.4205637660347427
0.00011031066242139786	704.0594369784886	0.4205637660347427
0.00011253908451180906	717.7008957443657	0.4205637660347427
0.0001148125156760216	731.6063162821142	0.4205637660347427
0.0001171318799606524	745.7807703097092	0.4205637660347427
0.00011949810141231852	760.2297401922591	0.4205637660347427
0.00012191212590550998	774.9581561628205	0.4205637660347427
0.00012437491386663152	789.9714450162307	0.4205637660347427
0.00012688744754996156	805.2750910443402	0.4205637660347427
0.00012945073831360782	820.8750085083856	0.4205637660347427
0.00013206583389546725	836.7767922215496	0.4205637660347427
0.00013473375292960557	852.9859625675438	0.4205637660347427
0.0001374555577058346	869.5087043303236	0.4205637660347427
0.0001402323250658809	886.3507899785192	0.4205637660347427
0.00014306521916296344	903.5187832138255	0.4205637660347427
0.00014595531683880836	921.0184809468019	0.4205637660347427
0.0001489037967985496	938.8564985441432	0.4205637660347427
0.00015191186685115085	957.0396148639126	0.4205637660347427
0.0001549806765979156	975.5737668046037	0.4205637660347427
0.00015811149205546807	994.4662761042003	0.4205637660347427
0.00016130555013660323	1013.7238801542647	0.4205637660347427
0.00016456414596177638	1033.3537260709559	0.4205637660347427
0.00016788860375527314	1053.3627722536162	0.4205637660347427
0.00017128017498180262	1073.757929808638	0.4205637660347427
0.00017474024207331235	1094.5472413935631	0.4205637660347427
0.0001782702311174945	1115.7378409148866	0.4205637660347427
0.00018187153909821071	1137.337722552456	0.4205637660347427
0.00018554557755123805	1159.3541222229587	0.4205637660347427
0.000189293845323846	1181.7959936321658	0.4205637660347427
0.00019311782671138658	1204.6706653582246	0.4205637660347427
0.0001970190496649595	1227.9864448557128	0.4205637660347427
0.0002009991003433245	1251.752268525292	0.4205637660347427
0.00020505955035332585	1275.976358296352	0.4205637660347427
0.0002092020295094699	1300.6674460719203	0.4205637660347427
0.00021342818217817678	1325.8346396371057	0.4205637660347427
0.00021773976914118986	1351.487067730991	0.4205637660347427
0.00022213840566109866	1377.6333787796138	0.4205637660347427
0.00022662588162347658	1404.2834617321423	0.4205637660347427
0.00023120403056964278	1431.4468677019609	0.4205637660347427
0.00023587465693708523	1459.1331547966986	0.4205637660347427
0.00024063963792286832	1487.3525151165916	0.4205637660347427
0.00024550087982788655	1516.1146709113777	0.4205637660347427
0.0002504603180568665	1545.429949848066	0.4205637660347427
0.00025551993167027804	1575.3095461307173	0.4205637660347427
0.00026068178704008444	1605.7632178666559	0.4205637660347427
0.00026594789233058707	1636.802513514197	0.4205637660347427
0.0002713204012252388	1668.4379681143384	0.4205637660347427
0.0002768014383036642	1700.6810824031086	0.4205637660347427
0.00028239324456080816	1733.543175220937	0.4205637660347427
0.00028809794457629323	1767.036093000217	0.4205637660347427
0.0002939179248642178	1801.1713259215294	0.4205637660347427
0.00029985545552335685	1835.9610437542358	0.4205637660347427
0.00030591292306780815	1871.4176198485625	0.4205637660347427
0.00031209277221932996	1907.5535548860441	0.4205637660347427
0.00031839747680351116	1944.381765594755	0.4205637660347427
0.00032482951064594074	1981.9139857011758	0.4205637660347427
0.0003313914930913598	2020.1653042298744	0.4205637660347427
0.0003380860434845092	2059.1475047746117	0.4205637660347427
0.00034491583937779064	2098.8750884207334	0.4205637660347427
0.0003518835874274374	2139.360798415572	0.4205637660347427
0.0003589921107050029	2180.61986596928	0.4205637660347427
0.00036624420317821194	2222.6657106257544	0.4205637660347427
0.00037364283343777077	2265.513934433993	0.4205637660347427
0.00038119088276289425	2309.177895063143	0.4205637660347427
0.0003888914943672718	2353.674038309147	0.4205637660347427
0.00039674757863394927	2399.016238675616	0.4205637660347427
0.0004047623951919378	2445.2204684250937	0.4205637660347427
0.00041293932008557016	2492.3042708718403	0.4205637660347427
0.00042128126369789226	2540.28078199217	0.4205637660347427
0.00042979168938472867	2589.167228337949	0.4205637660347427
0.00043847406050190346	2638.98051880925	0.4205637660347427
0.00044733184040524065	2689.7374425740386	0.4205637660347427
0.0004563684924505651	2741.454442490115	0.4205637660347427
0.0004655877419281751	2794.1493290184976	0.4205637660347427
0.00047499322681687767	2847.839259680027	0.4205637660347427
0.00048458873061463237	2902.5430280104006	0.4205637660347427
0.0004943780368193983	2958.276677155165	0.4205637660347427
0.0005043651326559483	3015.061081023054	0.4205637660347427
0.0005145540344528854	3072.913503709355	0.4205637660347427
0.0005249487003311518	3131.8523848494065	0.4205637660347427
0.0005355533212423326	3191.897339446854	0.4205637660347427
0.0005463722045533356	3253.068216020582	0.4205637660347427
0.0005574096576310695	3315.3843995570846	0.4205637660347427
0.0005686701042577629	3378.866276652741	0.4205637660347427
0.0005801579682156444	3443.5326390663936	0.4205637660347427
0.0005918779061175887	3509.4053254236933	0.4205637660347427
0.000603834632784128	3576.504884193914	0.4205637660347427
0.0006160328630357986	3644.8524921444528	0.4205637660347427
0.000628477544523776	3714.469219345681	0.4205637660347427
0.000641173624899238	3785.3761354440708	0.4205637660347427
0.0006541261682286859	3857.595624391556	0.4205637660347427
0.0006673403549939396	3931.149849066411	0.4205637660347427
0.000680821540299803	4006.062656786638	0.4205637660347427
0.0006945753702893851	4082.355616953261	0.4205637660347427
0.0007086067344062027	4160.050304991044	0.4205637660347427
0.0007229215116240086	4239.169878323054	0.4205637660347427
0.0007375255227088933	4319.739185151544	0.4205637660347427
0.0007524244138039651	4401.781437766692	0.4205637660347427
0.0007676244131289421	4485.320203839967	0.4205637660347427
0.0007831314578652384	4570.381775078469	0.4205637660347427
0.0007989517762325708	4656.987365862793	0.4205637660347427
0.0008150916546583177	4745.164877590416	0.4205637660347427
0.0008315575541928413	4834.936631690565	0.4205637660347427
0.0008483561687171459	4926.3292454196435	0.4205637660347427
0.0008654940756969156	5019.3670337611	0.4205637660347427
0.0008829782018437978	5114.075742003778	0.4205637660347427
0.0009008154738694433	5210.48273553354	0.4205637660347427
0.0009190131677314636	5308.612978567688	0.4205637660347427
0.0009375784429721536	5408.491428302489	0.4205637660347427
0.0009565186919644477	5510.146906053304	0.4205637660347427
0.0009758416563272478	5613.604644342415	0.4205637660347427
0.000995554961264134	5718.892219758005	0.4205637660347427
0.0010156665230169888	5826.034887693253	0.4205637660347427
0.0010361843742430204	5935.062653931667	0.4205637660347427
0.0010571165475994349	6045.999527422305	0.4205637660347427
0.0010784717742353684	6158.875518117986	0.4205637660347427
0.001100258319638669	6273.715804247684	0.4205637660347427
0.0011224849149584779	6390.549400096742	0.4205637660347427
0.0011451612226665024	6509.408603286558	0.4205637660347427
0.0011682949261739844	6630.310762895983	0.4205637660347427
0.0011918960371986032	6753.290477634548	0.4205637660347427
0.001215973985381425	6878.374426386139	0.4205637660347427
0.0012405382003635164	7005.591179076753	0.4205637660347427
0.0012655986938625568	7134.966236435103	0.4205637660347427
0.001291165477596223	7266.529890561666	0.4205637660347427
0.001317248679697514	7400.307226607797	0.4205637660347427
0.0013438588939607141	7536.330890468316	0.4205637660347427
0.0013710065977647896	7674.62302900466	0.4205637660347427
0.0013987028505653136	7815.2139370317145	0.4205637660347427
0.001426958478987217	7958.130207979198	0.4205637660347427
0.001455784775316715	8103.398321901729	0.4205637660347427
0.0014851936139166357	8251.046471648291	0.4205637660347427
0.0015151965199038384	8401.1002472751	0.4205637660347427
0.0015458054840564715	8553.584116810709	0.4205637660347427
0.0015770328463986507	8708.528654369491	0.4205637660347427
0.001608890830539166	8865.954288564584	0.4205637660347427
0.0016413925914093848	9025.890583007296	0.4205637660347427
0.0016745509346947074	9188.35746654788	0.4205637660347427
0.001708379015326501	9353.385813847159	0.4205637660347427
0.0017428906867280607	9520.995092997611	0.4205637660347427
0.0017780993366613993	9691.205748333969	0.4205637660347427
0.001814019284211099	9864.044476483661	0.4205637660347427
0.001850664848461748	10039.535290107788	0.4205637660347427
0.0018880506977438912	10217.693310428629	0.4205637660347427
0.001926192780956625	10398.547453284444	0.4205637660347427
0.0019651043694466357	10582.107082488646	0.4205637660347427
0.002004801994189619	10768.399832092808	0.4205637660347427
0.0020453017204999924	10957.437375110096	0.4205637660347427
0.0020866196136921644	11149.243727530466	0.4205637660347427
0.002128771971911191	11343.82831212031	0.4205637660347427
0.0021717760246247044	11541.211210029884	0.4205637660347427
0.002215648768469689	11741.407727394082	0.4205637660347427
0.0022604078985750684	11944.42880538159	0.4205637660347427
0.002306071110069751	12150.284305377609	0.4205637660347427
0.002352656796574592	12358.989900543105	0.4205637660347427
0.0024001835845410824	12570.554079717853	0.4205637660347427
0.0024486703332513566	12784.982033668542	0.4205637660347427
0.0024981368333101273	13002.284670323219	0.4205637660347427
0.002548602409660814	13222.464914720995	0.4205637660347427
0.002600087551400067	13445.529109678708	0.4205637660347427
0.002652612747624517	13671.476323786279	0.4205637660347427
0.0027061989530920974	13900.30888169134	0.4205637660347427
0.00276086782105267	14132.030055617694	0.4205637660347427
0.0028166410047560917	14366.626452385088	0.4205637660347427
0.0028735410887748007	14604.104045053493	0.4205637660347427
0.002931590192019938	14844.45095226762	0.4205637660347427
0.002990812296047808	15087.657071954927	0.4205637660347427
0.003051230451092124	15333.71118050124	0.4205637660347427
0.003112869337201119	15582.608337849362	0.4205637660347427
0.003175753401592373	15834.329433525958	0.4205637660347427
0.0032399094197899116	16088.853959689346	0.4205637660347427
0.0033053599763661636	16346.162533540151	0.4205637660347427
0.0033721325453370805	16606.235246713968	0.4205637660347427
0.0034402539022266843	16869.0416132492	0.4205637660347427
0.003509751986712219	17134.558625958245	0.4205637660347427
0.0035806533414870496	17402.751203461426	0.4205637660347427
0.0036529873032122855	17673.590030059877	0.4205637660347427
0.00372678251005709	17947.03988681495	0.4205637660347427
0.003802068298682568	18223.05604208473	0.4205637660347427
0.003878874937072397	18501.594960304894	0.4205637660347427
0.003957233391702177	18782.61332634302	0.4205637660347427
0.004037174861878155	19066.932194771056	0.4205637660347427
0.0041187312453985206	19352.778548471793	0.4205637660347427
0.004201935138553381	19640.944200536193	0.4205637660347427
0.004286819603294133	19931.36621034307	0.4205637660347427
0.004373419098556042	20223.97458355423	0.4205637660347427
0.004461768083274367	20518.707243811503	0.4205637660347427
0.004551901482045649	20815.486907637245	0.4205637660347427
0.0046438560821116	21114.238500621992	0.4205637660347427
0.004737668205052617	21414.885221910703	0.4205637660347427
0.004833375103771686	21717.320685711646	0.4205637660347427
0.004931015428155661	22021.478703212633	0.4205637660347427
0.005030628759413961	22327.251998929154	0.4205637660347427
0.005132254213094711	22634.53738007992	0.4205637660347427
0.005235932301729918	22942.838596255922	0.4205637660347427
0.00534170772880316	23252.815927949654	0.4205637660347427
0.0054496172815561295	23563.976839281157	0.4205637660347427
0.005559706129133701	23876.199654706128	0.4205637660347427
0.005672019906342031	24189.35886104861	0.4205637660347427
0.005786602385342121	24503.336420571297	0.4205637660347427
0.005903499666601419	24817.980980033848	0.4205637660347427
0.0060227578505873715	25133.164260570917	0.4205637660347427
0.006144425366073845	25448.728096983803	0.4205637660347427
0.00626855064183474	25764.527415937875	0.4205637660347427
0.006395183969289065	26080.564246528593	0.4205637660347427
0.0065243751741945735	26396.355280338135	0.4205637660347427
0.006656176410615444	26711.884220068823	0.4205637660347427
0.006790639832615857	27026.970564423656	0.4205637660347427
0.006927819922566412	27341.430955728294	0.4205637660347427
0.00706777069717646	27655.06503777856	0.4205637660347427
0.0072105489671230325	27967.673556799182	0.4205637660347427
0.007356211543083194	28279.060672811986	0.4205637660347427
0.007504817098379136	28588.939882671642	0.4205637660347427
0.007656424306333065	28897.2010811131	0.4205637660347427
0.007811094168573624	29203.573938638256	0.4205637660347427
0.007968888618052008	29507.813098782353	0.4205637660347427
0.008129870519042013	29809.66579830616	0.4205637660347427
0.008294104598462575	30108.904175153966	0.4205637660347427
0.008461656980216507	30405.255987053522	0.4205637660347427
0.008632592856884003	30698.475813125067	0.4205637660347427
0.008806983008980751	30988.261794767903	0.4205637660347427
0.00898490007966757	31274.35955492927	0.4205637660347427
0.009166406467556957	31556.463317997506	0.4205637660347427
0.00935158040374517	31834.29647553807	0.4205637660347427
0.009540494531393048	32107.559199301693	0.4205637660347427
0.009733225218951702	32375.943194493448	0.4205637660347427
0.009929848834872242	32639.120743849708	0.4205637660347427
0.010130445472896097	32896.791042581484	0.4205637660347427
0.010335093364119525	33148.61808064428	0.4205637660347427
0.010543875396251675	33394.26991463013	0.4205637660347427
0.010756876319646837	33633.39582277823	0.4205637660347427
0.010974179953336717	33865.64527493611	0.4205637660347427
0.011195871978998186	34090.656296114925	0.4205637660347427
0.011422043666243548	34308.06812537705	0.4205637660347427
0.011652784422039984	34517.51406547923	0.4205637660347427
0.01188818644732237	34718.61845924778	0.4205637660347427
0.012128342874348162	34910.99869356046	0.4205637660347427
0.012373351491987707	35094.27310735773	0.4205637660347427
0.01262330915778875	35268.056329013	0.4205637660347427
0.012878316454589362	35431.959386185415	0.4205637660347427
0.013138474896550175	35585.59884485159	0.4205637660347427
0.013403890654444691	35728.57059607102	0.4205637660347427
0.013674667105078695	35860.48718972311	0.4205637660347427
0.01395091228187084	35980.94097017567	0.4205637660347427
0.014232739806175235	36089.55254877482	0.4205637660347427
0.014520260505378241	36185.93393490829	0.4205637660347427
0.014813594520092009	36269.687253046504	0.4205637660347427
0.015112848952412612	36340.42709551436	0.4205637660347427
0.01541814953088761	36397.78835903054	0.4205637660347427
0.01572961546480656	36441.38898671978	0.4205637660347427
0.016047367826104168	36470.88173377807	0.4205637660347427
0.016371553763747222	36485.89830363807	0.4205637660347427
0.016702271997928612	36486.10183611699	0.4205637660347427
0.017039688304066655	36471.1664664988	0.4205637660347427
0.017383905127644535	36440.7771853508	0.4205637660347427
0.0177350901067257	36509.21367008113	0.4205637660347427
0.018093355000019067	36453.45347472418	0.4205637660347427
0.01845887303352356	36381.54055766224	0.4205637660347427
0.0188317559659481	36293.22786016034	0.4205637660347427
0.019212193787097927	36188.291635339025	0.4205637660347427
0.019600313156843185	36066.5397787106	0.4205637660347427
0.01999625749886036	35927.82674016704	0.4205637660347427
0.020400216802954667	35772.00075572685	0.4205637660347427
0.02081231772899627	35598.97597066208	0.4205637660347427
0.02123276330530643	35408.695893871605	0.4205637660347427
0.021661683917045593	35201.14737880808	0.4205637660347427
0.02209929004311561	34976.34930766054	0.4205637660347427
0.0225457139313221	34640.26137308766	0.4205637660347427
0.0230011772364378	34378.102344695406	0.4205637660347427
0.023465819656848904	34099.17663438189	0.4205637660347427
0.023939872160553936	33803.72549961508	0.4205637660347427
0.02442347817122936	33492.07857434415	0.4205637660347427
0.024916876107454307	33164.57956806059	0.4205637660347427
0.02542021870613098	32821.68815427698	0.4205637660347427
0.02593375369906425	32463.868654744907	0.4205637660347427
0.026457635685801506	32091.702347835475	0.4205637660347427
0.026992129161953936	31705.77736567605	0.4205637660347427
0.02753739058971406	31365.33751980824	0.4205637660347427
0.02809369564056396	30954.813937549832	0.4205637660347427
0.028661211952567097	30532.673642392445	0.4205637660347427
0.029240220785140977	30099.745267564984	0.4205637660347427
0.029830897226929658	29656.990784488342	0.4205637660347427
0.030433535575866703	29205.360068846603	0.4205637660347427
0.031048320233821862	28745.93554373973	0.4205637660347427
0.031675551086664214	28279.785666259726	0.4205637660347427
0.0323154553771019	27808.067609440437	0.4205637660347427
0.03296825289726257	27331.996796530773	0.4205637660347427
0.0336342714726925	26852.7507875702	0.4205637660347427
0.034313712269067764	26371.639070275025	0.4205637660347427
0.035006910562515245	25890.295117166417	0.4205637660347427
0.03571407869458197	25409.3066113888	0.4205637660347427
0.036435566842556	24930.283700512795	0.4205637660347427
0.03717159852385521	24454.57262182588	0.4205637660347427
0.037922531366348274	23983.482696995663	0.4205637660347427
0.03868859633803367	23518.323009787367	0.4205637660347427
0.03947017714381218	23060.125930298836	0.4205637660347427
0.04026750847697258	22610.09224607946	0.4205637660347427
0.04108098521828651	22169.273664867324	0.4205637660347427
0.04191085323691369	21738.75017148451	0.4205637660347427
0.04275752976536751	21319.456280809885	0.4205637660347427
0.04362126812338829	20912.31598215276	0.4205637660347427
0.04450249299407004	20518.08381407321	0.4205637660347427
0.045401483774185174	20137.41039412898	0.4205637660347427
0.04631867632269861	19770.79898446384	0.4205637660347427
0.047254350036382675	19418.57472150982	0.4205637660347427
0.04820897057652475	19080.857630506678	0.4205637660347427
0.04918283596634864	18757.70390720557	0.4205637660347427
0.05017641931772231	18448.97094320459	0.4205637660347427
0.05119002237915992	18154.425719012706	0.4205637660347427
0.05222415179014205	17873.601600257443	0.4205637660347427
0.05327918007969856	17605.774920499487	0.4205637660347427
0.05435546115040779	17349.99443427242	0.4205637660347427
0.055453538894653334	17104.843942794123	0.4205637660347427
0.05657374486327172	16868.710749196347	0.4205637660347427
0.057716637849807746	16639.780771933132	0.4205637660347427
0.05888256430625916	16416.26862615509	0.4205637660347427
0.06007209792733193	16209.17330092858	0.4205637660347427
0.0612856037914753	15992.12253089235	0.4205637660347427
0.06252367794513701	15774.327002987238	0.4205637660347427
0.06378671526908877	15553.893917274208	0.4205637660347427
0.06507532298564911	15328.870370556211	0.4205637660347427
0.06638989597558977	15097.192629386158	0.4205637660347427
0.06773108989000319	14856.613769053947	0.4205637660347427
0.06909931451082231	14604.9785166861	0.4205637660347427
0.07049524784088135	14340.40740190045	0.4205637660347427
0.07191931456327437	14061.623378628836	0.4205637660347427
0.07337221503257751	13767.860397159144	0.4205637660347427
0.07485438883304595	13458.802703577194	0.4205637660347427
0.07636658102273942	13134.517436646152	0.4205637660347427
0.07790925353765489	12795.311862298173	0.4205637660347427
0.07948315888643265	12441.902456948914	0.4205637660347427
0.08108878880739212	12075.832943725462	0.4205637660347427
0.08272692561149599	11699.652394099317	0.4205637660347427
0.08439807593822478	11316.635938680858	0.4205637660347427
0.08610307425260545	10930.301697996258	0.4205637660347427
0.08784241974353789	10544.278793436612	0.4205637660347427
0.08961699903011322	10162.05360134021	0.4205637660347427
0.09142742305994035	9787.154463591252	0.4205637660347427
0.09327434003353116	9423.128905943295	0.4205637660347427
0.095158651471138	9073.487946620076	0.4205637660347427
0.09708093106746676	8741.66726363734	0.4205637660347427
0.09904213994741441	8430.636303584133	0.4205637660347427
0.10104287415742877	8142.718594667344	0.4205637660347427
0.10308412462472913	7879.270542940274	0.4205637660347427
0.10516651719808581	7640.793362586927	0.4205637660347427
0.10729106515645982	7426.964511648928	0.4205637660347427
0.10945843905210498	7236.706086710592	0.4205637660347427
0.11166969686746601	7068.129200329126	0.4205637660347427
0.1139255166053772	6918.475882611416	0.4205637660347427
0.11622700840234756	6784.163274927639	0.4205637660347427
0.118574894964695	6661.023225278109	0.4205637660347427
0.12097033113241193	6544.427988879564	0.4205637660347427
0.12341402471065524	6429.448654334702	0.4205637660347427
0.12590721249580386	6311.021835488533	0.4205637660347427
0.12845064699649808	6184.51895181258	0.4205637660347427
0.1310455799102783	6046.307732203871	0.4205637660347427
0.13369281589984897	5893.912354217381	0.4205637660347427
0.1363936513662338	5725.834497041462	0.4205637660347427
0.13914892077445984	5542.053516741532	0.4205637660347427
0.14195998013019562	5344.460983107885	0.4205637660347427
0.1448276787996292	5136.352356643506	0.4205637660347427
0.14775346219539642	4921.804363119395	0.4205637660347427
0.15073834359645846	4705.998604243384	0.4205637660347427
0.15378338098526	4494.891291752769	0.4205637660347427
0.1568900942802429	4293.817275178063	0.4205637660347427
0.16005939245224	4107.181951900694	0.4205637660347427
0.16329288482666016	3938.469239251813	0.4205637660347427
0.16659153997898102	3789.7330626671405	0.4205637660347427
0.1699569970369339	3661.4050331960925	0.4205637660347427
0.17339026927947998	3552.2979586920596	0.4205637660347427
0.17689307034015658	3459.3711698301045	0.4205637660347427
0.18046644330024722	3378.3207058747544	0.4205637660347427
0.1841122061014175	3304.0681269474426	0.4205637660347427
0.18783141672611237	3231.3304507325715	0.4205637660347427
0.1916259527206421	3154.912661111537	0.4205637660347427
0.19549694657325745	3070.4406247168918	0.4205637660347427
0.19944635033607477	2975.691571124022	0.4205637660347427
0.20347532629966736	2870.3466294117793	0.4205637660347427
0.20758591592311865	2756.0156285452554	0.4205637660347427
0.21177931129932404	2636.2485108785454	0.4205637660347427
0.2160576283931732	2515.6538352511448	0.4205637660347427
0.22042217850685122	2399.376077858099	0.4205637660347427
0.2248750925064087	2291.681753615149	0.4205637660347427
0.22941777110099787	2195.6395359981766	0.4205637660347427
0.23405241966247559	2112.5517693738207	0.4205637660347427
0.23878046870231626	2041.6810095737535	0.4205637660347427
0.2436042875051498	1980.525347116091	0.4205637660347427
0.2485255300998688	1925.277655196145	0.4205637660347427
0.25354593992233276	1871.735124764827	0.4205637660347427
0.2586680054664612	1816.0936003095853	0.4205637660347427
0.2638933360576629	1755.7118823466205	0.4205637660347427
0.26922446489334106	1689.930430190395	0.4205637660347427
0.2746630012989044	1620.0107373556934	0.4205637660347427
0.28021171689033514	1548.5817979141402	0.4205637660347427
0.28587222099304194	1479.0482707408664	0.4205637660347427
0.29164737462997437	1414.4407481391322	0.4205637660347427
0.2975388765335083	1356.5903115381307	0.4205637660347427
0.3035497069358826	1305.8453868150543	0.4205637660347427
0.30968165397644043	1260.8873276110667	0.4205637660347427
0.3159377872943878	1219.3066210473621	0.4205637660347427
0.32231998443603516	1178.5241723462136	0.4205637660347427
0.3288314342498779	1136.456026852964	0.4205637660347427
0.33547410368919367	1092.3511320055466	0.4205637660347427
0.3422513008117676	1046.8400773679969	0.4205637660347427
0.3491650521755219	1001.5549222367624	0.4205637660347427
0.35621881484985357	958.4020225356212	0.4205637660347427
0.3634147346019745	918.6845709310045	0.4205637660347427
0.3707563579082489	882.727247745574	0.4205637660347427
0.3782459497451782	849.7699289633646	0.4205637660347427
0.3858872056007385	818.4437068987119	0.4205637660347427
0.39368247985839844	787.4541731840127	0.4205637660347427
0.4016355574131012	756.1133560541004	0.4205637660347427
0.409748911857605	724.6208089203383	0.4205637660347427
0.4180265963077545	693.7934654138775	0.4205637660347427
0.4264715015888214	664.536299060261	0.4205637660347427
0.43508657813072205	637.3180506092673	0.4205637660347427
0.44387611746788025	611.962017487653	0.4205637660347427
0.45284274220466614	587.8353576234994	0.4205637660347427
0.46199101209640503	564.294717940471	0.4205637660347427
0.4713236093521118	541.0549105226908	0.4205637660347427
0.480845183134079	518.2651486109661	0.4205637660347427
0.4905586838722229	496.3386598380688	0.4205637660347427
0.5004688501358032	475.56638358337887	0.4205637660347427
0.5105787515640259	455.9578004951967	0.4205637660347427
0.5208933353424072	437.2374748133739	0.4205637660347427
0.5314158201217651	419.1062455089966	0.4205637660347427
0.5421513915061951	401.45903107465773	0.4205637660347427
0.5531033277511597	384.40035027197223	0.4205637660347427
0.5642769932746887	368.0742503801386	0.4205637660347427
0.5756758451461792	352.53411998166433	0.4205637660347427
0.5873055458068848	337.68330022330986	0.4205637660347427
0.5991696119308472	323.387408558132	0.4205637660347427
0.6112739443778992	309.5797521335127	0.4205637660347427
0.6236221194267273	296.2970320958945	0.4205637660347427
0.6362204551696777	283.5844218426531	0.4205637660347427
0.6490726470947266	271.42856392395174	0.4205637660347427
0.6621850728988647	259.7727664991262	0.4205637660347427
0.6755617260932922	248.56957218031798	0.4205637660347427
0.6892093420028687	237.80541402858879	0.4205637660347427
0.7031325697898865	227.4895075393611	0.4205637660347427
0.7173364758491516	217.6150038142675	0.4205637660347427
0.7318279147148132	208.14892780754226	0.4205637660347427
0.746611475944519	199.0679819380297	0.4205637660347427
0.7616943717002869	190.36088828984762	0.4205637660347427
0.7770812511444092	182.01909820085632	0.4205637660347427
0.7927797436714172	174.02847211365344	0.4205637660347427
0.8087944984436035	166.37005675362653	0.4205637660347427
0.8251336216926575	159.0312245482396	0.4205637660347427
0.8418020009994507	152.0032536210947	0.4205637660347427
0.8588079810142517	145.27153729835445	0.4205637660347427
0.8761565685272217	138.82558616201183	0.4205637660347427
0.8938565254211426	132.6514660959703	0.4205637660347427
0.9119131565093994	126.74168587518419	0.4205637660347427
0.9303354024887085	121.08409453350995	0.4205637660347427
0.949129045009613	115.66935645736858	0.4205637660347427
0.9683031439781189	110.48631269882817	0.4205637660347427
0.9878636598587036	105.52661330682984	0.4205637660347427
1.0078202486038208	100.78049861922882	0.4205637660347427
1.0281790494918823	96.23988981427983	0.4205637660347427
1.0489501953125	91.89532453145702	0.4205637660347427
1.070139765739441	87.73940201494895	0.4205637660347427
1.0917586088180542	83.76381632599204	0.4205637660347427
1.113813042640686	79.96217110237397	0.4205637660347427
1.136314034461975	76.32596370898722	0.4205637660347427
1.1592696905136108	72.84976703858828	0.4205637660347427
1.1826878786087036	69.52623671251727	0.4205637660347427
1.2065802812576294	66.34904732194344	0.4205637660347427
1.2309542894363403	63.31237870746802	0.4205637660347427
1.255821704864502	60.409432977380575	0.4205637660347427
1.2811903953552246	57.63539193805828	0.4205637660347427
1.3070727586746216	54.98417955963275	0.4205637660347427
1.3334767818450928	52.45071185418413	0.4205637660347427
1.3604153394699097	50.030257200282	0.4205637660347427
1.3878967761993408	47.71788663089257	0.4205637660347427
1.4159349203109741	45.508883423786315	0.4205637660347427
1.4445379972457886	43.399277283752895	0.4205637660347427
1.4737203121185303	41.38437943635997	0.4205637660347427
1.503490686416626	39.4601105009115	0.4205637660347427
1.5338637828826904	37.622442122890035	0.4205637660347427
1.5648492574691772	35.867816632899796	0.4205637660347427
1.5964618921279907	34.192512173759035	0.4205637660347427
1.6287118196487427	32.59323711559802	0.4205637660347427
1.6616147756576538	31.06654959238438	0.4205637660347427
1.6951807737350464	29.609447433512123	0.4205637660347427
1.7294265031814575	28.218686519992293	0.4205637660347427
1.7643623352050781	26.891480078607877	0.4205637660347427
1.8000056743621826	25.62489894974227	0.4205637660347427
1.8363672494888303	24.41635060021861	0.4205637660347427
1.8734651803970337	23.263207652316687	0.4205637660347427
1.9113107919692993	22.16317687207474	0.4205637660347427
1.9499226808547974	21.113784886513223	0.4205637660347427
1.9893145561218262	20.11274934725297	0.4205637660347427
2.0295004844665527	19.157993523267926	0.4205637660347427
2.070500135421753	18.247328297771	0.4205637660347427
2.11232590675354	17.3789166165213	0.4205637660347427
2.154998540878296	16.550775767488027	0.4205637660347427
2.19853138923645	15.761190302577019	0.4205637660347427
2.242945671081543	15.008297259041463	0.4205637660347427
2.288254976272583	14.29052488913624	0.4205637660347427
2.334482192993164	13.60622719220551	0.4205637660347427
2.3816404342651367	12.953970461816109	0.4205637660347427
2.4297537803649902	12.332221775936391	0.4205637660347427
2.478837013244629	11.739652303535308	0.4205637660347427
2.528913974761963	11.174883088058992	0.4205637660347427
2.580000162124634	10.636686715398039	0.4205637660347427
2.6321208477020264	10.123816242282835	0.4205637660347427
2.6852917671203613	9.635164220309457	0.4205637660347427
2.7395396232604976	9.169568684490377	0.4205637660347427
2.794880390167236	8.725982887990915	0.4205637660347427
2.8513422012329106	8.303402169843386	0.4205637660347427
2.9089415073394775	7.900857792048537	0.4205637660347427
2.967707395553589	7.517414580764186	0.4205637660347427
3.0276577472686768	7.152197374156749	0.4205637660347427
3.0888218879699707	6.8043567917184795	0.4205637660347427
3.151218891143799	6.473094955233607	0.4205637660347427
3.214878797531128	6.157629707689023	0.4205637660347427
3.279825448989868	5.8572277985874335	0.4205637660347427
3.346080780029297	5.571209032072693	0.4205637660347427
3.413677453994751	5.298877220022101	0.4205637660347427
3.48263669013977	5.039614809030537	0.4205637660347427
3.5529923439025874	4.792781007493318	0.4205637660347427
3.6247656345367427	4.557824643042945	0.4205637660347427
3.6979923248291025	4.3341615453132345	0.4205637660347427
3.7726948261260986	4.121281736625018	0.4205637660347427
3.848910093307495	3.9186555119003867	0.4205637660347427
3.9266612529754643	3.7258219002332735	0.4205637660347427
4.005986690521241	3.5422969594805065	0.4205637660347427
4.086911201477051	3.3676592683715323	0.4205637660347427
4.169474124908447	3.2014728038591893	0.4205637660347427
4.253701210021973	3.0433519101831816	0.4205637660347427
4.339633464813232	2.89290075364832	0.4205637660347427
4.427297592163086	2.7497686325503237	0.4205637660347427
4.516737461090088	2.6135920034938285	0.4205637660347427
4.607978820800781	2.4840523564686428	0.4205637660347427
4.70106840133667	2.360822692865281	0.4205637660347427
4.796033859252931	2.243611820035307	0.4205637660347427
4.892922878265381	2.1321190527604292	0.4205637660347427
4.991764068603515	2.0260825858130227	0.4205637660347427
5.092606544494629	1.9252304172002788	0.4205637660347427