#  k [h/Mpc]          Pk/s8^2 [Mpc/h]^3          s8
5.3832945923204525e-6	37.986729716941646	0.416866431866893
5.492044692800844e-6	38.72311244725165	0.416866431866893
5.602991222986015e-6	39.47378628909993	0.416866431866893
5.71617920286372e-6	40.23900374548607	0.416866431866893
5.831653652421664e-6	41.01905329267393	0.416866431866893
5.949460501142307e-6	41.81422640807888	0.416866431866893
6.069647952244846e-6	42.6248200258511	0.416866431866893
6.192262844706423e-6	43.451115298973086	0.416866431866893
6.3173547459882735e-6	44.29343121906829	0.416866431866893
6.4449741330463515e-6	45.152085381470606	0.416866431866893
6.575171028089249e-6	46.0273795518229	0.416866431866893
6.707998181809679e-6	46.91964297108606	0.416866431866893
6.8435087996476796e-6	47.82920411560438	0.416866431866893
6.981756541790679e-6	48.7563963518401	0.416866431866893
7.122797342162812e-6	49.701558032850116	0.416866431866893
7.2666875894355986e-6	50.665043902785726	0.416866431866893
7.413485036522603e-6	51.64722320921947	0.416866431866893
7.5632465268427074e-6	52.64842437772275	0.416866431866893
7.716034815530298e-6	53.66903169391134	0.416866431866893
7.871908564993646e-6	54.70943421972455	0.416866431866893
8.030931894609227e-6	55.770004407276204	0.416866431866893
8.193167559511487e-6	56.851128523971376	0.416866431866893
8.358680133824245e-6	57.95321705500125	0.416866431866893
8.527536920155397e-6	59.07666048687666	0.416866431866893
8.699804311618209e-6	60.22188224037868	0.416866431866893
8.875552339304699e-6	61.389318992669516	0.416866431866893
9.054850124812226e-6	62.5793724342577	0.416866431866893
9.237770427716884e-6	63.79250177107138	0.416866431866893
9.42438600759488e-6	65.02915389980517	0.416866431866893
9.614770533517013e-6	66.28977373397782	0.416866431866893
9.809003131522333e-6	67.57483334571324	0.416866431866893
0.000010007157470681691	68.88478451606197	0.416866431866893
0.000010209315405518282	70.22014923135947	0.416866431866893
0.000010415557881060505	71.581394795328	0.416866431866893
0.000010625965842336889	72.9690253572655	0.416866431866893
0.000010840623872354637	74.38356588788244	0.416866431866893
0.000011059620192099837	75.82552683401667	0.416866431866893
0.000011283037565590357	77.29542737234368	0.416866431866893
0.00001151097148976987	78.79383919140075	0.416866431866893
0.000011743507457140366	80.32128683848119	0.416866431866893
0.000011980741874140228	81.87834049970297	0.416866431866893
0.000012222769328218419	83.4655906371332	0.416866431866893
0.000012469685316318665	85.08358883954406	0.416866431866893
0.000012721589882858103	86.7329606371215	0.416866431866893
0.000012978583072253965	88.41432882372754	0.416866431866893
0.00001324076765740755	90.12827377711525	0.416866431866893
0.00001350824913970427	91.87544233026816	0.416866431866893
0.000013781134839518936	93.65648070608319	0.416866431866893
0.000014059531167731634	95.47203022741353	0.416866431866893
0.000014343552720674764	97.32280251547607	0.416866431866893
0.000014633312275691415	99.20944318516653	0.416866431866893
0.000014928924429113989	101.13264496022848	0.416866431866893
0.000015230508324748354	103.09312858629141	0.416866431866893
0.000015538184015895237	105.09161267688373	0.416866431866893
0.000015852077922318134	107.12886297304733	0.416866431866893
0.00001617231100681238	109.20558481714671	0.416866431866893
0.00001649901241762563	111.32256180907798	0.416866431866893
0.000016832314940984378	113.4805887434785	0.416866431866893
0.000017172349544125592	115.680415836556	0.416866431866893
0.00001751925447024406	117.92292566575642	0.416866431866893
0.000017873167962534357	120.2089103705653	0.416866431866893
0.00001823423008318059	122.53916974486388	0.416866431866893
0.00001860258453234565	124.91460388864205	0.416866431866893
0.00001897838228615001	127.33612201131253	0.416866431866893
0.000019361770682735372	129.8045502988241	0.416866431866893
0.00001975290433620106	132.3208438129917	0.416866431866893
0.000020151937860646305	134.8858986594475	0.416866431866893
0.000020559036784106862	137.50070343581655	0.416866431866893
0.000020974357539671456	140.16618745802688	0.416866431866893
0.00002139806747436524	142.8833429779563	0.416866431866893
0.00002183033575420271	145.6531345790835	0.416866431866893
0.000022271337002166554	148.47661486752622	0.416866431866893
0.00002272124766022901	151.35484874214404	0.416866431866893
0.000023180249627330337	154.28889339217955	0.416866431866893
0.000023648521164432168	157.27977609382341	0.416866431866893
0.000024126253265421855	160.32864701482305	0.416866431866893
0.000024613633286207908	163.4366223640499	0.416866431866893
0.000025110863134614195	166.60484444371568	0.416866431866893
0.000025618135623517467	169.83448054393983	0.416866431866893
0.00002613565629872031	173.12672336454887	0.416866431866893
0.000026663634344004078	176.48278552260487	0.416866431866893
0.000027202273486182104	179.9038811922739	0.416866431866893
0.000027751795641961548	183.39129189518843	0.416866431866893
0.000028312419090070806	186.94631128590032	0.416866431866893
0.000028884367566206482	190.5702496456721	0.416866431866893
0.000029467868444044133	194.26443120824177	0.416866431866893
0.000030063161830184968	198.0302217395369	0.416866431866893
0.000030670478736283224	201.86897436109805	0.416866431866893
0.000031290062906919034	205.78213394399603	0.416866431866893
0.000031922165362630026	209.7711738978352	0.416866431866893
0.000032567033485975116	213.83751233595973	0.416866431866893
0.000033224929211428355	217.98267238035876	0.416866431866893
0.000033896121749421555	222.20820225897262	0.416866431866893
0.00003458086939644997	226.51559932649678	0.416866431866893
0.00003527944863890294	230.90649035375714	0.416866431866893
0.0000359921396011487	235.38248989229865	0.416866431866893
0.00003671922968351278	239.94527508998607	0.416866431866893
0.000037461006286321215	244.59645064014552	0.416866431866893
0.00003821776408585719	249.33775264289665	0.416866431866893
0.00003898981958627702	254.17102201312537	0.416866431866893
0.00003977746746386408	259.0979642125588	0.416866431866893
0.000040581024222774465	264.12036268289546	0.416866431866893
0.000041400813643122085	269.2400805089129	0.416866431866893
0.00004223716314299965	274.45904047717653	0.416866431866893
0.00004309041105443616	279.7791908828872	0.416866431866893
0.00004396089570946057	285.20242444063376	0.416866431866893
0.00004484896271605977	290.73079287849424	0.416866431866893
0.000045754968596156605	296.3662572066989	0.416866431866893
0.00004667929169954734	302.11098612695605	0.416866431866893
0.00004762227399623955	307.9669939923077	0.416866431866893
0.000048584304749965735	313.9365355833661	0.416866431866893
0.00004956577686243698	320.0217669280283	0.416866431866893
0.000050567068683449145	326.2248773113506	0.416866431866893
0.00005158859130460773	332.54823737655056	0.416866431866893
0.00005263074854156009	338.99410229397273	0.416866431866893
0.000053693958761869	345.5649097718381	0.416866431866893
0.00005477865124703387	352.2630719024561	0.416866431866893
0.00005588524800259622	359.0909521634153	0.416866431866893
0.00005701420377590698	366.0511537161031	0.416866431866893
0.00005816596967633813	373.1463087187831	0.416866431866893
0.0000593409968132619	380.3789115355088	0.416866431866893
0.00006053977995179594	387.7517202275746	0.416866431866893
0.00006176275928737601	395.26730025061937	0.416866431866893
0.00006301045505097132	402.92854449964676	0.416866431866893
0.00006428334745578468	410.7382014039946	0.416866431866893
0.00006558195309480648	418.6991258040859	0.416866431866893
0.00006690679583698507	426.81434631817734	0.416866431866893
0.00006825839955126868	435.08676707130144	0.416866431866893
0.0000696373099344782	443.5194782042807	0.416866431866893
0.00007104407268343497	452.1155267427845	0.416866431866893
0.00007247926259879031	460.8781275954467	0.416866431866893
0.00007394343992928044	469.81053090859626	0.416866431866893
0.00007543719402747222	478.91601084126967	0.416866431866893
0.00007696112152189019	488.1977908896038	0.416866431866893
0.00007851585542084646	497.65939891375854	0.416866431866893
0.00008010198507690791	507.3043272551087	0.416866431866893
0.00008172015077434479	517.1359981574595	0.416866431866893
0.00008337100734934218	527.1580541467752	0.416866431866893
0.00008505520963808526	537.3743330628243	0.416866431866893
0.00008677344158058991	547.7883976799884	0.416866431866893
0.00008852637256495652	558.4040520890217	0.416866431866893
0.00009031472291098898	569.2255618593681	0.416866431866893
0.00009213919838657605	580.2564918682148	0.416866431866893
0.0000940005265874789	591.500980125996	0.416866431866893
0.00009589947148924698	602.96329746389	0.416866431866893
0.0000978367679635995	614.6473852889602	0.416866431866893
0.00009981319453800107	626.5577691881315	0.416866431866893
0.00010182957339566193	638.6989783767824	0.416866431866893
0.00010388666851213194	651.0750615772171	0.416866431866893
0.00010598531662253655	663.6908039364909	0.416866431866893
0.0001081263617379591	676.5506984158227	0.416866431866893
0.00011031066242139786	689.6593928299999	0.416866431866893
0.00011253908451180906	703.0218981704011	0.416866431866893
0.0001148125156760216	716.6431117237445	0.416866431866893
0.0001171318799606524	730.5278667695077	0.416866431866893
0.00011949810141231852	744.6812590552232	0.416866431866893
0.00012191212590550998	759.1085922447671	0.416866431866893
0.00012437491386663152	773.8150776625217	0.416866431866893
0.00012688744754996156	788.806215810667	0.416866431866893
0.00012945073831360782	804.0872359541415	0.416866431866893
0.00013206583389546725	819.663976890375	0.416866431866893
0.00013473375292960557	835.5418559465548	0.416866431866893
0.0001374555577058346	851.726911073541	0.416866431866893
0.0001402323250658809	868.224930347134	0.416866431866893
0.00014306521916296344	885.0419330466948	0.416866431866893
0.00014595531683880836	902.184080345886	0.416866431866893
0.0001489037967985496	919.6577811997399	0.416866431866893
0.00015191186685115085	937.4692718165642	0.416866431866893
0.0001549806765979156	955.6248545248511	0.416866431866893
0.00015811149205546807	974.1314036141029	0.416866431866893
0.00016130555013660323	992.995543996837	0.416866431866893
0.00016456414596177638	1012.2243257187173	0.416866431866893
0.00016788860375527314	1031.8246407831405	0.416866431866893
0.00017128017498180262	1051.803519022303	0.416866431866893
0.00017474024207331235	1072.1681105445061	0.416866431866893
0.0001782702311174945	1092.9258854396455	0.416866431866893
0.00018187153909821071	1114.0845622749384	0.416866431866893
0.00018554557755123805	1135.6515542679874	0.416866431866893
0.000189293845323846	1157.6352754600437	0.416866431866893
0.00019311782671138658	1180.042962744685	0.416866431866893
0.0001970190496649595	1202.8826754225734	0.416866431866893
0.0002009991003433245	1226.1634120117756	0.416866431866893
0.00020505955035332585	1249.8929970413594	0.416866431866893
0.0002092020295094699	1274.0802083125207	0.416866431866893
0.00021342818217817678	1298.7337831126656	0.416866431866893
0.00021773976914118986	1323.8629026730316	0.416866431866893
0.00022213840566109866	1349.4759665254094	0.416866431866893
0.00022662588162347658	1375.5822253873398	0.416866431866893
0.00023120403056964278	1402.191423033675	0.416866431866893
0.00023587465693708523	1429.313083653562	0.416866431866893
0.00024063963792286832	1456.9571278500268	0.416866431866893
0.00024550087982788655	1485.1328336853467	0.416866431866893
0.0002504603180568665	1513.8507878474372	0.416866431866893
0.00025551993167027804	1543.1208662429492	0.416866431866893
0.00026068178704008444	1572.954071012977	0.416866431866893
0.00026594789233058707	1603.360760724977	0.416866431866893
0.0002713204012252388	1634.3514916037868	0.416866431866893
0.0002768014383036642	1665.9375033979697	0.416866431866893
0.00028239324456080816	1698.130526752491	0.416866431866893
0.00028809794457629323	1730.9411230486617	0.416866431866893
0.0002939179248642178	1764.381242785196	0.416866431866893
0.00029985545552335685	1798.462766704583	0.416866431866893
0.00030591292306780815	1833.197380535295	0.416866431866893
0.00031209277221932996	1868.5979076499177	0.416866431866893
0.00031839747680351116	1904.6768357159508	0.416866431866893
0.00032482951064594074	1941.4461149941244	0.416866431866893
0.0003313914930913598	1978.9190877112007	0.416866431866893
0.0003380860434845092	2017.108767342914	0.416866431866893
0.00034491583937779064	2056.0284146179674	0.416866431866893
0.0003518835874274374	2095.6918627188993	0.416866431866893
0.0003589921107050029	2136.112324043302	0.416866431866893
0.00036624420317821194	2177.3042178805686	0.416866431866893
0.00037364283343777077	2219.2818991190434	0.416866431866893
0.00038119088276289425	2262.0599051518357	0.416866431866893
0.0003888914943672718	2305.652780500224	0.416866431866893
0.00039674757863394927	2350.0750472149603	0.416866431866893
0.0004047623951919378	2395.342250618072	0.416866431866893
0.00041293932008557016	2441.4709851794514	0.416866431866893
0.00042128126369789226	2488.475008248371	0.416866431866893
0.00042979168938472867	2536.3707434430944	0.416866431866893
0.00043847406050190346	2585.1753951965597	0.416866431866893
0.00044733184040524065	2634.904414604208	0.416866431866893
0.0004563684924505651	2685.5746156863524	0.416866431866893
0.0004655877419281751	2737.203142957408	0.416866431866893
0.00047499322681687767	2789.8076632274115	0.416866431866893
0.00048458873061463237	2843.40524660887	0.416866431866893
0.0004943780368193983	2898.0133931379223	0.416866431866893
0.0005043651326559483	2953.6507054272865	0.416866431866893
0.0005145540344528854	3010.3349038048045	0.416866431866893
0.0005249487003311518	3068.0847639728377	0.416866431866893
0.0005355533212423326	3126.9190716527105	0.416866431866893
0.0005463722045533356	3186.8567807949703	0.416866431866893
0.0005574096576310695	3247.9177309039546	0.416866431866893
0.0005686701042577629	3310.1214087535022	0.416866431866893
0.0005801579682156444	3373.486577580897	0.416866431866893
0.0005918779061175887	3438.0345005531894	0.416866431866893
0.000603834632784128	3503.785806563451	0.416866431866893
0.0006160328630357986	3570.7600801003205	0.416866431866893
0.000628477544523776	3638.9787756021274	0.416866431866893
0.000641173624899238	3708.463934414378	0.416866431866893
0.0006541261682286859	3779.2357166939705	0.416866431866893
0.0006673403549939396	3851.316985358407	0.416866431866893
0.000680821540299803	3924.7296377984626	0.416866431866893
0.0006945753702893851	3999.4960066783087	0.416866431866893
0.0007086067344062027	4075.6376824001063	0.416866431866893
0.0007229215116240086	4153.177405161425	0.416866431866893
0.0007375255227088933	4232.139400440999	0.416866431866893
0.0007524244138039651	4312.5452153215065	0.416866431866893
0.0007676244131289421	4394.419876946242	0.416866431866893
0.0007831314578652384	4477.788379539844	0.416866431866893
0.0007989517762325708	4562.672385325164	0.416866431866893
0.0008150916546583177	4649.096354296078	0.416866431866893
0.0008315575541928413	4737.086405186939	0.416866431866893
0.0008483561687171459	4826.6667582442715	0.416866431866893
0.0008654940756969156	4917.861622383776	0.416866431866893
0.0008829782018437978	5010.6967442583955	0.416866431866893
0.0009008154738694433	5105.197100624988	0.416866431866893
0.0009190131677314636	5201.389450989961	0.416866431866893
0.0009375784429721536	5299.298885728996	0.416866431866893
0.0009565186919644477	5398.950169456545	0.416866431866893
0.0009758416563272478	5500.372126300433	0.416866431866893
0.000995554961264134	5603.589872582199	0.416866431866893
0.0010156665230169888	5708.630018916081	0.416866431866893
0.0010361843742430204	5815.51905499519	0.416866431866893
0.0010571165475994349	5924.283203616066	0.416866431866893
0.0010784717742353684	6034.951990359774	0.416866431866893
0.001100258319638669	6147.5495653374	0.416866431866893
0.0011224849149584779	6262.104901821258	0.416866431866893
0.0011451612226665024	6378.649196298949	0.416866431866893
0.0011682949261739844	6497.200530037001	0.416866431866893
0.0011918960371986032	6617.791451991528	0.416866431866893
0.001215973985381425	6740.451510386328	0.416866431866893
0.0012405382003635164	6865.2045030248255	0.416866431866893
0.0012655986938625568	6992.079277238891	0.416866431866893
0.001291165477596223	7121.105735117424	0.416866431866893
0.001317248679697514	7252.308444864324	0.416866431866893
0.0013438588939607141	7385.7153047825095	0.416866431866893
0.0013710065977647896	7521.354897991847	0.416866431866893
0.0013987028505653136	7659.25408595946	0.416866431866893
0.001426958478987217	7799.436470223497	0.416866431866893
0.001455784775316715	7941.933233503777	0.416866431866893
0.0014851936139166357	8086.771100390134	0.416866431866893
0.0015151965199038384	8233.973519139307	0.416866431866893
0.0015458054840564715	8383.567800360492	0.416866431866893
0.0015770328463986507	8535.580259824974	0.416866431866893
0.001608890830539166	8690.037095131145	0.416866431866893
0.0016413925914093848	8846.961342710592	0.416866431866893
0.0016745509346947074	9006.379872949014	0.416866431866893
0.001708379015326501	9168.314852751619	0.416866431866893
0.0017428906867280607	9332.791926988562	0.416866431866893
0.0017780993366613993	9499.832638991418	0.416866431866893
0.001814019284211099	9669.460084758153	0.416866431866893
0.001850664848461748	9841.69558165043	0.416866431866893
0.0018880506977438912	10016.562647152892	0.416866431866893
0.001926192780956625	10194.086030771778	0.416866431866893
0.0019651043694466357	10374.277258220067	0.416866431866893
0.002004801994189619	10557.157022019757	0.416866431866893
0.0020453017204999924	10742.74694269181	0.416866431866893
0.0020866196136921644	10931.063765602968	0.416866431866893
0.002128771971911191	11122.119979331377	0.416866431866893
0.0021717760246247044	11315.938619098233	0.416866431866893
0.002215648768469689	11512.531966525752	0.416866431866893
0.0022604078985750684	11711.911773852442	0.416866431866893
0.002306071110069751	11914.093855623612	0.416866431866893
0.002352656796574592	12119.08587091638	0.416866431866893
0.0024001835845410824	12326.899607992906	0.416866431866893
0.0024486703332513566	12537.545180069565	0.416866431866893
0.0024981368333101273	12751.027117061314	0.416866431866893
0.002548602409660814	12967.356002668645	0.416866431866893
0.002600087551400067	13186.536425146684	0.416866431866893
0.002652612747624517	13408.566977218827	0.416866431866893
0.0027061989530920974	13633.452055297801	0.416866431866893
0.00276086782105267	13861.191924852936	0.416866431866893
0.0028166410047560917	14091.782838523408	0.416866431866893
0.0028735410887748007	14325.224450806816	0.416866431866893
0.002931590192019938	14561.507268815325	0.416866431866893
0.002990812296047808	14800.62741749041	0.416866431866893
0.003051230451092124	15042.571694058784	0.416866431866893
0.003112869337201119	15287.330669735456	0.416866431866893
0.003175753401592373	15534.891653292427	0.416866431866893
0.0032399094197899116	15785.242556496998	0.416866431866893
0.0033053599763661636	16038.354118850886	0.416866431866893
0.0033721325453370805	16294.210498971777	0.416866431866893
0.0034402539022266843	16552.78531692099	0.416866431866893
0.003509751986712219	16814.05866830826	0.416866431866893
0.0035806533414870496	17077.999185178476	0.416866431866893
0.0036529873032122855	17344.572237400098	0.416866431866893
0.00372678251005709	17613.746852030195	0.416866431866893
0.003802068298682568	17885.473561706385	0.416866431866893
0.003878874937072397	18159.759968557828	0.416866431866893
0.003957233391702177	18436.379470787913	0.416866431866893
0.004037174861878155	18716.143170444408	0.416866431866893
0.0041187312453985206	18998.107289312862	0.416866431866893
0.004201935138553381	19281.903507739047	0.416866431866893
0.004286819603294133	19568.078148795157	0.416866431866893
0.004373419098556042	19856.4241116197	0.416866431866893
0.004461768083274367	20146.911883305507	0.416866431866893
0.004551901482045649	20439.458645653474	0.416866431866893
0.0046438560821116	20734.00350063433	0.416866431866893
0.004737668205052617	21030.456548469807	0.416866431866893
0.004833375103771686	21328.74131622864	0.416866431866893
0.004931015428155661	21628.74938065071	0.416866431866893
0.005030628759413961	21930.468914745026	0.416866431866893
0.005132254213094711	22233.43354268764	0.416866431866893
0.005235932301729918	22537.91850236697	0.416866431866893
0.00534170772880316	22843.951721994432	0.416866431866893
0.0054496172815561295	23151.159617607085	0.416866431866893
0.005559706129133701	23459.50649162735	0.416866431866893
0.005672019906342031	23768.839784042317	0.416866431866893
0.005786602385342121	24079.04266988935	0.416866431866893
0.005903499666601419	24389.98896000143	0.416866431866893
0.0060227578505873715	24701.532140580337	0.416866431866893
0.006144425366073845	25013.51366381705	0.416866431866893
0.00626855064183474	25325.92579015953	0.416866431866893
0.006395183969289065	25638.468767514958	0.416866431866893
0.0065243751741945735	25950.922136274123	0.416866431866893
0.006656176410615444	26263.22512098135	0.416866431866893
0.006790639832615857	26575.174393012992	0.416866431866893
0.006927819922566412	26886.59602621314	0.416866431866893
0.00706777069717646	27197.29868906499	0.416866431866893
0.0072105489671230325	27507.090213281488	0.416866431866893
0.007356211543083194	27815.781132678723	0.416866431866893
0.007504817098379136	28123.09740316022	0.416866431866893
0.007656424306333065	28428.884438260535	0.416866431866893
0.007811094168573624	28732.94358441163	0.416866431866893
0.007968888618052008	29034.997763116542	0.416866431866893
0.008129870519042013	29334.82437904579	0.416866431866893
0.008294104598462575	29632.177442314765	0.416866431866893
0.008461656980216507	29926.799851801963	0.416866431866893
0.008632592856884003	30218.4605416772	0.416866431866893
0.008806983008980751	30506.86854613098	0.416866431866893
0.00898490007966757	30791.75000462117	0.416866431866893
0.009166406467556957	31072.825276352873	0.416866431866893
0.00935158040374517	31349.820859530784	0.416866431866893
0.009540494531393048	31622.43933013647	0.416866431866893
0.009733225218951702	31890.37220103391	0.416866431866893
0.009929848834872242	32153.32101520642	0.416866431866893
0.010130445472896097	32410.975299833764	0.416866431866893
0.010335093364119525	32663.005196602157	0.416866431866893
0.010543875396251675	32909.082476120144	0.416866431866893
0.010756876319646837	33148.866879247544	0.416866431866893
0.010974179953336717	33382.01542618241	0.416866431866893
0.011195871978998186	33608.17759249057	0.416866431866893
0.011422043666243548	33826.99119977828	0.416866431866893
0.011652784422039984	34038.09369401184	0.416866431866893
0.01188818644732237	34241.11869848233	0.416866431866893
0.012128342874348162	34435.681731377175	0.416866431866893
0.012373351491987707	34621.41812049151	0.416866431866893
0.01262330915778875	34797.94736251014	0.416866431866893
0.012878316454589362	34964.87370234494	0.416866431866893
0.013138474896550175	35121.817073838356	0.416866431866893
0.013403890654444691	35268.392491108614	0.416866431866893
0.013674667105078695	35404.20176543642	0.416866431866893
0.01395091228187084	35528.85532846298	0.416866431866893
0.014232739806175235	35641.96677835708	0.416866431866893
0.014520260505378241	35743.13752702874	0.416866431866893
0.014813594520092009	35831.983201984716	0.416866431866893
0.015112848952412612	35908.126185858935	0.416866431866893
0.01541814953088761	35971.18717436716	0.416866431866893
0.01572961546480656	36020.812831313444	0.416866431866893
0.016047367826104168	36056.52546931741	0.416866431866893
0.016371553763747222	36078.43267378285	0.416866431866893
0.016702271997928612	36084.43552239777	0.416866431866893
0.017039688304066655	36080.74551491111	0.416866431866893
0.017383905127644535	36042.64802473015	0.416866431866893
0.0177350901067257	36084.27479261041	0.416866431866893
0.018093355000019067	36087.90813737618	0.416866431866893
0.01845887303352356	36012.265144202785	0.416866431866893
0.0188317559659481	35935.504855238956	0.416866431866893
0.019212193787097927	35838.340928016994	0.416866431866893
0.019600313156843185	35725.677905353805	0.416866431866893
0.01999625749886036	35595.94736469814	0.416866431866893
0.020400216802954667	35449.45396462014	0.416866431866893
0.02081231772899627	35285.61579855223	0.416866431866893
0.02123276330530643	35105.86009095309	0.416866431866893
0.021661683917045593	34904.632509438445	0.416866431866893
0.02209929004311561	34702.382906418774	0.416866431866893
0.0225457139313221	34403.97970100882	0.416866431866893
0.0230011772364378	34108.85282164681	0.416866431866893
0.023465819656848904	33849.76678450656	0.416866431866893
0.023939872160553936	33561.719717612425	0.416866431866893
0.02442347817122936	33260.753375743414	0.416866431866893
0.024916876107454307	32942.937019277924	0.416866431866893
0.02542021870613098	32610.055285786177	0.416866431866893
0.02593375369906425	32261.303186850888	0.416866431866893
0.026457635685801506	31900.80125283292	0.416866431866893
0.026992129161953936	31516.167381143794	0.416866431866893
0.02753739058971406	31167.790733281094	0.416866431866893
0.02809369564056396	30793.237117559966	0.416866431866893
0.028661211952567097	30373.43059379705	0.416866431866893
0.029240220785140977	29950.272735822782	0.416866431866893
0.029830897226929658	29514.844605560433	0.416866431866893
0.030433535575866703	29070.66509714717	0.416866431866893
0.031048320233821862	28618.08675867136	0.416866431866893
0.031675551086664214	28158.315711174222	0.416866431866893
0.0323154553771019	27692.45716132287	0.416866431866893
0.03296825289726257	27221.69080589047	0.416866431866893
0.0336342714726925	26747.193801964924	0.416866431866893
0.034313712269067764	26270.163542172984	0.416866431866893
0.035006910562515245	25792.21262555131	0.416866431866893
0.03571407869458197	25314.282638910085	0.416866431866893
0.036435566842556	24837.475618819462	0.416866431866893
0.03717159852385521	24363.378567681175	0.416866431866893
0.037922531366348274	23893.208763773768	0.416866431866893
0.03868859633803367	23428.3741323279	0.416866431866893
0.03947017714381218	22969.952281042726	0.416866431866893
0.04026750847697258	22519.097982027804	0.416866431866893
0.04108098521828651	22076.902087798906	0.416866431866893
0.04191085323691369	21644.46826702927	0.416866431866893
0.04275752976536751	21222.76011565782	0.416866431866893
0.04362126812338829	20812.752229497906	0.416866431866893
0.04450249299407004	20415.253183739005	0.416866431866893
0.045401483774185174	20030.98495915095	0.416866431866893
0.04631867632269861	19660.51759728471	0.416866431866893
0.047254350036382675	19304.297052930506	0.416866431866893
0.04820897057652475	18962.505135058876	0.416866431866893
0.04918283596634864	18635.27982406299	0.416866431866893
0.05017641931772231	18322.546251980733	0.416866431866893
0.05119002237915992	18024.164010927507	0.416866431866893
0.05222415179014205	17739.782316794823	0.416866431866893
0.05327918007969856	17468.820579784595	0.416866431866893
0.05435546115040779	17210.480251463647	0.416866431866893
0.055453538894653334	16963.622180942046	0.416866431866893
0.05657374486327172	16726.551134328867	0.416866431866893
0.057716637849807746	16498.28589654772	0.416866431866893
0.05888256430625916	16274.312617843236	0.416866431866893
0.06007209792733193	16065.51393183632	0.416866431866893
0.0612856037914753	15857.396396485023	0.416866431866893
0.06252367794513701	15643.165939280705	0.416866431866893
0.06378671526908877	15428.950061944593	0.416866431866893
0.06507532298564911	15210.892333075786	0.416866431866893
0.06638989597558977	14987.53343963546	0.416866431866893
0.06773108989000319	14756.544727333092	0.416866431866893
0.06909931451082231	14515.74510927579	0.416866431866893
0.07049524784088135	14263.037969203571	0.416866431866893
0.07191931456327437	13996.831447872808	0.416866431866893
0.07337221503257751	13716.07038686883	0.416866431866893
0.07485438883304595	13420.200934231938	0.416866431866893
0.07636658102273942	13109.064997798734	0.416866431866893
0.07790925353765489	12782.823062132473	0.416866431866893
0.07948315888643265	12441.890939523097	0.416866431866893
0.08108878880739212	12087.323370345906	0.416866431866893
0.08272692561149599	11721.10174379618	0.416866431866893
0.08439807593822478	11346.178712286388	0.416866431866893
0.08610307425260545	10965.90174235516	0.416866431866893
0.08784241974353789	10583.868558279008	0.416866431866893
0.08961699903011322	10203.577606802772	0.416866431866893
0.09142742305994035	9828.53796155573	0.416866431866893
0.09327434003353116	9462.274437547456	0.416866431866893
0.095158651471138	9108.302228733726	0.416866431866893
0.09708093106746676	8770.161134052483	0.416866431866893
0.09904213994741441	8451.07330816037	0.416866431866893
0.10104287415742877	8153.779615044444	0.416866431866893
0.10308412462472913	7880.142656705387	0.416866431866893
0.10516651719808581	7631.162765630865	0.416866431866893
0.10729106515645982	7406.940470770133	0.416866431866893
0.10945843905210498	7206.881836648163	0.416866431866893
0.11166969686746601	7029.559282909441	0.416866431866893
0.1139255166053772	6872.729293061358	0.416866431866893
0.11622700840234756	6733.268120743438	0.416866431866893
0.118574894964695	6607.352673677797	0.416866431866893
0.12097033113241193	6490.61088003643	0.416866431866893
0.12341402471065524	6378.29821835506	0.416866431866893
0.12590721249580386	6265.379650746276	0.416866431866893
0.12845064699649808	6146.928700120509	0.416866431866893
0.1310455799102783	6018.709549728135	0.416866431866893
0.13369281589984897	5877.628646499399	0.416866431866893
0.1363936513662338	5721.581209612389	0.416866431866893
0.13914892077445984	5549.622937176718	0.416866431866893
0.14195998013019562	5362.540981354179	0.416866431866893
0.1448276787996292	5162.949801619716	0.416866431866893
0.14775346219539642	4954.442904206363	0.416866431866893
0.15073834359645846	4741.5416449593895	0.416866431866893
0.15378338098526	4529.888410846266	0.416866431866893
0.1568900942802429	4325.236175746067	0.416866431866893
0.16005939245224	4132.5062682966745	0.416866431866893
0.16329288482666016	3955.739845073015	0.416866431866893
0.16659153997898102	3797.884703568234	0.416866431866893
0.1699569970369339	3660.273700695127	0.416866431866893
0.17339026927947998	3542.686875494925	0.416866431866893
0.17689307034015658	3443.090485743865	0.416866431866893
0.18046644330024722	3357.8639377936006	0.416866431866893
0.1841122061014175	3282.333300210649	0.416866431866893
0.18783141672611237	3211.3233714156368	0.416866431866893
0.1916259527206421	3139.5462658151905	0.416866431866893
0.19549694657325745	3061.977853426689	0.416866431866893
0.19944635033607477	2975.121579752715	0.416866431866893
0.20347532629966736	2877.606428920379	0.416866431866893
0.20758591592311865	2769.8887686391354	0.416866431866893
0.21177931129932404	2654.5103983428316	0.416866431866893
0.2160576283931732	2535.507205939597	0.416866431866893
0.22042217850685122	2417.8725680275047	0.416866431866893
0.2248750925064087	2306.437826748689	0.416866431866893
0.22941777110099787	2205.0258596488493	0.416866431866893
0.23405241966247559	2116.0211238156353	0.416866431866893
0.23878046870231626	2039.8473879148853	0.416866431866893
0.2436042875051498	1974.9532344348518	0.416866431866893
0.2485255300998688	1918.2023852259651	0.416866431866893
0.25354593992233276	1865.52989406657	0.416866431866893
0.2586680054664612	1812.8101494803063	0.416866431866893
0.2638933360576629	1756.617717247686	0.416866431866893
0.26922446489334106	1695.1115656126258	0.416866431866893
0.2746630012989044	1628.4962845550951	0.416866431866893
0.28021171689033514	1558.677965652916	0.416866431866893
0.28587222099304194	1488.7348128709862	0.416866431866893
0.29164737462997437	1422.0487863473732	0.416866431866893
0.2975388765335083	1361.2194183329918	0.416866431866893
0.3035497069358826	1307.491581780577	0.416866431866893
0.30968165397644043	1260.469462631067	0.416866431866893
0.3159377872943878	1218.2380085632838	0.416866431866893
0.32231998443603516	1178.243447048556	0.416866431866893
0.3288314342498779	1137.9913316142809	0.416866431866893
0.33547410368919367	1095.912558248253	0.416866431866893
0.3422513008117676	1051.8762846639736	0.416866431866893
0.3491650521755219	1007.0155948117201	0.416866431866893
0.35621881484985357	963.1852800971175	0.416866431866893
0.3634147346019745	922.119864279751	0.416866431866893
0.3707563579082489	884.7539996189994	0.416866431866893
0.3782459497451782	850.9278893622812	0.416866431866893
0.3858872056007385	819.53528431117	0.416866431866893
0.39368247985839844	789.1585225058406	0.416866431866893
0.4016355574131012	758.6772542783815	0.416866431866893
0.409748911857605	727.7958913439381	0.416866431866893
0.4180265963077545	697.0382266381366	0.416866431866893
0.4264715015888214	667.3399186427655	0.416866431866893
0.43508657813072205	639.4749012330793	0.416866431866893
0.44387611746788025	613.63065672386	0.416866431866893
0.45284274220466614	589.3957846937949	0.416866431866893
0.46199101209640503	566.0773444104802	0.416866431866893
0.4713236093521118	543.1468785978041	0.416866431866893
0.480845183134079	520.5021172502471	0.416866431866893
0.4905586838722229	498.4558099131083	0.416866431866893
0.5004688501358032	477.41247449671494	0.416866431866893
0.5105787515640259	457.5623872074848	0.416866431866893
0.5208933353424072	438.764093504142	0.416866431866893
0.5314158201217651	420.6950278204665	0.416866431866893
0.5421513915061951	403.1289231666798	0.416866431866893
0.5531033277511597	386.0587160638333	0.416866431866893
0.5642769932746887	369.6234310002265	0.416866431866893
0.5756758451461792	353.95357470974244	0.416866431866893
0.5873055458068848	339.0339719614507	0.416866431866893
0.5991696119308472	324.72990061780274	0.416866431866893
0.6112739443778992	310.92441839746516	0.416866431866893
0.6236221194267273	297.6072111908332	0.416866431866893
0.6362204551696777	284.82561064841695	0.416866431866893
0.6490726470947266	272.6052234414304	0.416866431866893
0.6621850728988647	260.91215322446624	0.416866431866893
0.6755617260932922	249.68735397583418	0.416866431866893
0.6892093420028687	238.89166046344786	0.416866431866893
0.7031325697898865	228.53152962362236	0.416866431866893
0.7173364758491516	218.61255347548416	0.416866431866893
0.7318279147148132	209.1118364543046	0.416866431866893
0.746611475944519	200.00174772892566	0.416866431866893
0.7616943717002869	191.2622317803134	0.416866431866893
0.7770812511444092	182.88631958722394	0.416866431866893
0.7927797436714172	174.86366632864372	0.416866431866893
0.8087944984436035	167.17650785725377	0.416866431866893
0.8251336216926575	159.80960370123495	0.416866431866893
0.8418020009994507	152.75181303169032	0.416866431866893
0.8588079810142517	145.99241245798984	0.416866431866893
0.8761565685272217	139.5198759347085	0.416866431866893
0.8938565254211426	133.32046876971867	0.416866431866893
0.9119131565093994	127.38512435364476	0.416866431866893
0.9303354024887085	121.7029836924743	0.416866431866893
0.949129045009613	116.264695246263	0.416866431866893
0.9683031439781189	111.05904491584083	0.416866431866893
0.9878636598587036	106.07734893756349	0.416866431866893
1.0078202486038208	101.30991879863936	0.416866431866893
1.0281790494918823	96.7487530675135	0.416866431866893
1.0489501953125	92.38477474025139	0.416866431866893
1.070139765739441	88.20985927730067	0.416866431866893
1.0917586088180542	84.21597864378835	0.416866431866893
1.113813042640686	80.39622736850966	0.416866431866893
1.136314034461975	76.74328626414417	0.416866431866893
1.1592696905136108	73.25006823115469	0.416866431866893
1.1826878786087036	69.91065711684189	0.416866431866893
1.2065802812576294	66.71801272347341	0.416866431866893
1.2309542894363403	63.666265458614525	0.416866431866893
1.255821704864502	60.749333136576794	0.416866431866893
1.2811903953552246	57.96150745274899	0.416866431866893
1.3070727586746216	55.29700056443985	0.416866431866893
1.3334767818450928	52.75095911877835	0.416866431866893
1.3604153394699097	50.31811719714778	0.416866431866893
1.3878967761993408	47.993830383856775	0.416866431866893
1.4159349203109741	45.77354007877171	0.416866431866893
1.4445379972457886	43.652926796856	0.416866431866893
1.4737203121185303	41.62734991564926	0.416866431866893
1.503490686416626	39.69297901679027	0.416866431866893
1.5338637828826904	37.84569455560875	0.416866431866893
1.5648492574691772	36.081793850706994	0.416866431866893
1.5964618921279907	34.397455987428216	0.416866431866893
1.6287118196487427	32.78947622952114	0.416866431866893
1.6616147756576538	31.254459413891595	0.416866431866893
1.6951807737350464	29.78937137083084	0.416866431866893
1.7294265031814575	28.390985649609004	0.416866431866893
1.7643623352050781	27.056443341186093	0.416866431866893
1.8000056743621826	25.7827961628619	0.416866431866893
1.8363672494888303	24.567468943498405	0.416866431866893
1.8734651803970337	23.407826685760096	0.416866431866893
1.9113107919692993	22.301521712748034	0.416866431866893
1.9499226808547974	21.246108366561064	0.416866431866893
1.9893145561218262	20.239369587205342	0.416866431866893
2.0295004844665527	19.279098956233362	0.416866431866893
2.070500135421753	18.363169059793652	0.416866431866893
2.11232590675354	17.489686926195528	0.416866431866893
2.154998540878296	16.656693435550235	0.416866431866893
2.19853138923645	15.862442513803598	0.416866431866893
2.242945671081543	15.105091943176184	0.416866431866893
2.288254976272583	14.38304773885735	0.416866431866893
2.334482192993164	13.694654038843302	0.416866431866893
2.3816404342651367	13.038476533024864	0.416866431866893
2.4297537803649902	12.412973680374527	0.416866431866893
2.478837013244629	11.816804364234153	0.416866431866893
2.528913974761963	11.248585924499801	0.416866431866893
2.580000162124634	10.707103395902948	0.416866431866893
2.6321208477020264	10.191072840535526	0.416866431866893
2.6852917671203613	9.69939360523804	0.416866431866893
2.7395396232604976	9.230900563674195	0.416866431866893
2.794880390167236	8.784563061244159	0.416866431866893
2.8513422012329106	8.359320763667736	0.416866431866893
2.9089415073394775	7.9542519961682565	0.416866431866893
2.967707395553589	7.568382078455209	0.416866431866893
3.0276577472686768	7.2008516709475945	0.416866431866893
3.0888218879699707	6.850790698087435	0.416866431866893
3.151218891143799	6.517412092569919	0.416866431866893
3.214878797531128	6.1999159112227265	0.416866431866893
3.279825448989868	5.897580428392413	0.416866431866893
3.346080780029297	5.609708745232932	0.416866431866893
3.413677453994751	5.335605063787339	0.416866431866893
3.48263669013977	5.074653156039419	0.416866431866893
3.5529923439025874	4.826208276599771	0.416866431866893
3.6247656345367427	4.589705249575618	0.416866431866893
3.6979923248291025	4.364566550836152	0.416866431866893
3.7726948261260986	4.150276405197287	0.416866431866893
3.848910093307495	3.946304314243862	0.416866431866893
3.9266612529754643	3.752183770599482	0.416866431866893
4.005986690521241	3.567430759860821	0.416866431866893
4.086911201477051	3.3916203410626102	0.416866431866893
4.169474124908447	3.2243148716739958	0.416866431866893
4.253701210021973	3.065124936696206	0.416866431866893
4.339633464813232	2.913654256904954	0.416866431866893
4.427297592163086	2.7695462897222365	0.416866431866893
4.516737461090088	2.632438508887658	0.416866431866893
4.607978820800781	2.50201457858914	0.416866431866893
4.70106840133667	2.3779370805137696	0.416866431866893
4.796033859252931	2.2599176725815147	0.416866431866893
4.892922878265381	2.14765334948666	0.416866431866893
4.991764068603515	2.040880605760329	0.416866431866893
5.092606544494629	1.9393331687567004	0.416866431866893