#  k [h/Mpc]          Pk/s8^2 [Mpc/h]^3          s8
5.3832945923204525e-6	40.10811361932119	0.49680370077142927
5.492044692800844e-6	40.88562694707779	0.49680370077142927
5.602991222986015e-6	41.678212270971756	0.49680370077142927
5.71617920286372e-6	42.48617535461989	0.49680370077142927
5.831653652421664e-6	43.309784586489656	0.49680370077142927
5.949460501142307e-6	44.14935699045397	0.49680370077142927
6.069647952244846e-6	45.00521861937257	0.49680370077142927
6.192262844706423e-6	45.87766609249895	0.49680370077142927
6.3173547459882735e-6	46.767027753912316	0.49680370077142927
6.4449741330463515e-6	47.67363016045226	0.49680370077142927
6.575171028089249e-6	48.59780157409817	0.49680370077142927
6.707998181809679e-6	49.5398957817323	0.49680370077142927
6.8435087996476796e-6	50.500246341178034	0.49680370077142927
6.981756541790679e-6	51.47920828835559	0.49680370077142927
7.122797342162812e-6	52.47716020696126	0.49680370077142927
7.2666875894355986e-6	53.49445721149946	0.49680370077142927
7.413485036522603e-6	54.53147954761702	0.49680370077142927
7.5632465268427074e-6	55.58859059301964	0.49680370077142927
7.716034815530298e-6	56.66620346299963	0.49680370077142927
7.871908564993646e-6	57.76470079721876	0.49680370077142927
8.030931894609227e-6	58.884494675173464	0.49680370077142927
8.193167559511487e-6	60.026003466651844	0.49680370077142927
8.358680133824245e-6	61.189628131866584	0.49680370077142927
8.527536920155397e-6	62.375810975445596	0.49680370077142927
8.699804311618209e-6	63.584998604023276	0.49680370077142927
8.875552339304699e-6	64.81762345223875	0.49680370077142927
9.054850124812226e-6	66.07414078947028	0.49680370077142927
9.237770427716884e-6	67.35501417581169	0.49680370077142927
9.42438600759488e-6	68.66072417876609	0.49680370077142927
9.614770533517013e-6	69.99174895229015	0.49680370077142927
9.809003131522333e-6	71.34856663570717	0.49680370077142927
0.000010007157470681691	72.73167892576136	0.49680370077142927
0.000010209315405518282	74.14160647560776	0.49680370077142927
0.000010415557881060505	75.5788863254797	0.49680370077142927
0.000010625965842336889	77.04401561487786	0.49680370077142927
0.000010840623872354637	78.53753634804808	0.49680370077142927
0.000011059620192099837	80.06003118033333	0.49680370077142927
0.000011283037565590357	81.61201406539061	0.49680370077142927
0.00001151097148976987	83.19410314661053	0.49680370077142927
0.000011743507457140366	84.80684371205409	0.49680370077142927
0.000011980741874140228	86.45084457189485	0.49680370077142927
0.000012222769328218419	88.12673970625991	0.49680370077142927
0.000012469685316318665	89.83511221388368	0.49680370077142927
0.000012721589882858103	91.5766045858883	0.49680370077142927
0.000012978583072253965	93.35184565740667	0.49680370077142927
0.00001324076765740755	95.16149619089342	0.49680370077142927
0.00001350824913970427	97.00622813307028	0.49680370077142927
0.000013781134839518936	98.88675095400423	0.49680370077142927
0.000014059531167731634	100.80369303413882	0.49680370077142927
0.000014343552720674764	102.75780578592686	0.49680370077142927
0.000014633312275691415	104.74980602395028	0.49680370077142927
0.000014928924429113989	106.78040492943816	0.49680370077142927
0.000015230508324748354	108.85036802743718	0.49680370077142927
0.000015538184015895237	110.96046015327566	0.49680370077142927
0.000015852077922318134	113.11148159396974	0.49680370077142927
0.00001617231100681238	115.30416758232751	0.49680370077142927
0.00001649901241762563	117.53935822995273	0.49680370077142927
0.000016832314940984378	119.81791249494806	0.49680370077142927
0.000017172349544125592	122.14061093653174	0.49680370077142927
0.00001751925447024406	124.50832989020607	0.49680370077142927
0.000017873167962534357	126.92196842737164	0.49680370077142927
0.00001823423008318059	129.38237740893499	0.49680370077142927
0.00001860258453234565	131.8904702142423	0.49680370077142927
0.00001897838228615001	134.4472004745835	0.49680370077142927
0.000019361770682735372	137.05348206836052	0.49680370077142927
0.00001975290433620106	139.7102954150184	0.49680370077142927
0.000020151937860646305	142.41858825350803	0.49680370077142927
0.000020559036784106862	145.17940498044746	0.49680370077142927
0.000020974357539671456	147.9937199478821	0.49680370077142927
0.00002139806747436524	150.86260378354075	0.49680370077142927
0.00002183033575420271	153.78707557555757	0.49680370077142927
0.000022271337002166554	156.76825620642583	0.49680370077142927
0.00002272124766022901	159.80722201952312	0.49680370077142927
0.000023180249627330337	162.90506977431676	0.49680370077142927
0.000023648521164432168	166.06300094377553	0.49680370077142927
0.000024126253265421855	169.28215108751428	0.49680370077142927
0.000024613633286207908	172.56366957382383	0.49680370077142927
0.000025110863134614195	175.90883324503505	0.49680370077142927
0.000025618135623517467	179.31881773903123	0.49680370077142927
0.00002613565629872031	182.79489594408815	0.49680370077142927
0.000026663634344004078	186.3383681881456	0.49680370077142927
0.000027202273486182104	189.950483166231	0.49680370077142927
0.000027751795641961548	193.63262628422842	0.49680370077142927
0.000028312419090070806	197.3861777101899	0.49680370077142927
0.000028884367566206482	201.21248686364814	0.49680370077142927
0.000029467868444044133	205.11291233031835	0.49680370077142927
0.000030063161830184968	209.08899775126145	0.49680370077142927
0.000030670478736283224	213.14211908786052	0.49680370077142927
0.000031290062906919034	217.2738055142644	0.49680370077142927
0.000031922165362630026	221.48559243952533	0.49680370077142927
0.000032567033485975116	225.77900637518226	0.49680370077142927
0.000033224929211428355	230.1556197627403	0.49680370077142927
0.000033896121749421555	234.61709223685227	0.49680370077142927
0.00003458086939644997	239.1650319020398	0.49680370077142927
0.00003527944863890294	243.801116939365	0.49680370077142927
0.0000359921396011487	248.52706258617	0.49680370077142927
0.00003671922968351278	253.34459551695977	0.49680370077142927
0.000037461006286321215	258.2555321778416	0.49680370077142927
0.00003821776408585719	263.2615560924935	0.49680370077142927
0.00003898981958627702	268.36467101950683	0.49680370077142927
0.00003977746746386408	273.5667421029283	0.49680370077142927
0.000040581024222774465	278.86959843662225	0.49680370077142927
0.000041400813643122085	284.2752322877107	0.49680370077142927
0.00004223716314299965	289.78554960662177	0.49680370077142927
0.00004309041105443616	295.40270740980105	0.49680370077142927
0.00004396089570946057	301.1288268237865	0.49680370077142927
0.00004484896271605977	306.9658259349101	0.49680370077142927
0.000045754968596156605	312.9159114769133	0.49680370077142927
0.00004667929169954734	318.98144835707865	0.49680370077142927
0.00004762227399623955	325.1644384745461	0.49680370077142927
0.000048584304749965735	331.4672572012365	0.49680370077142927
0.00004956577686243698	337.8922710572328	0.49680370077142927
0.000050567068683449145	344.441743330528	0.49680370077142927
0.00005158859130460773	351.11812916986116	0.49680370077142927
0.00005263074854156009	357.92391700395643	0.49680370077142927
0.000053693958761869	364.86154494477546	0.49680370077142927
0.00005477865124703387	371.93363016660356	0.49680370077142927
0.00005588524800259622	379.14280304854947	0.49680370077142927
0.00005701420377590698	386.4916434134239	0.49680370077142927
0.00005816596967633813	393.982822906485	0.49680370077142927
0.0000593409968132619	401.61916378869796	0.49680370077142927
0.00006053977995179594	409.4035972692732	0.49680370077142927
0.00006176275928737601	417.3387802370855	0.49680370077142927
0.00006301045505097132	425.4277161690974	0.49680370077142927
0.00006428334745578468	433.67331374529016	0.49680370077142927
0.00006558195309480648	442.0787118455856	0.49680370077142927
0.00006690679583698507	450.64688637103194	0.49680370077142927
0.00006825839955126868	459.3811258734419	0.49680370077142927
0.0000696373099344782	468.28467790077593	0.49680370077142927
0.00007104407268343497	477.36057513115446	0.49680370077142927
0.00007247926259879031	486.61229454367924	0.49680370077142927
0.00007394343992928044	496.0432613564296	0.49680370077142927
0.00007543719402747222	505.6568897961922	0.49680370077142927
0.00007696112152189019	515.4567401724466	0.49680370077142927
0.00007851585542084646	525.4465558897036	0.49680370077142927
0.00008010198507690791	535.629786001951	0.49680370077142927
0.00008172015077434479	546.0101767916819	0.49680370077142927
0.00008337100734934218	556.5916749803557	0.49680370077142927
0.00008505520963808526	567.3780756138643	0.49680370077142927
0.00008677344158058991	578.3733904490688	0.49680370077142927
0.00008852637256495652	589.5815098444479	0.49680370077142927
0.00009031472291098898	601.0067970649997	0.49680370077142927
0.00009213919838657605	612.6533124840754	0.49680370077142927
0.0000940005265874789	624.525242225624	0.49680370077142927
0.00009589947148924698	636.6271462131187	0.49680370077142927
0.0000978367679635995	648.9633454650289	0.49680370077142927
0.00009981319453800107	661.5383429872479	0.49680370077142927
0.00010182957339566193	674.3568747004507	0.49680370077142927
0.00010388666851213194	687.4235633313241	0.49680370077142927
0.00010598531662253655	700.7429870661267	0.49680370077142927
0.0001081263617379591	714.3202200942039	0.49680370077142927
0.00011031066242139786	728.1604321620996	0.49680370077142927
0.00011253908451180906	742.2684548759673	0.49680370077142927
0.0001148125156760216	756.6493950634542	0.49680370077142927
0.0001171318799606524	771.308702537831	0.49680370077142927
0.00011949810141231852	786.2516384062784	0.49680370077142927
0.00012191212590550998	801.4835981416795	0.49680370077142927
0.00012437491386663152	817.0103603085726	0.49680370077142927
0.00012688744754996156	832.8373736553662	0.49680370077142927
0.00012945073831360782	848.9704470517493	0.49680370077142927
0.00013206583389546725	865.415822090914	0.49680370077142927
0.00013473375292960557	882.1792118855902	0.49680370077142927
0.0001374555577058346	899.2666485318479	0.49680370077142927
0.0001402323250658809	916.6843516135993	0.49680370077142927
0.00014306521916296344	934.4389930847316	0.49680370077142927
0.00014595531683880836	952.5367769727997	0.49680370077142927
0.0001489037967985496	970.984322427342	0.49680370077142927
0.00015191186685115085	989.7884584954962	0.49680370077142927
0.0001549806765979156	1008.9558653428303	0.49680370077142927
0.00015811149205546807	1028.4938607372003	0.49680370077142927
0.00016130555013660323	1048.4092420599052	0.49680370077142927
0.00016456414596177638	1068.7092918124154	0.49680370077142927
0.00016788860375527314	1089.4017625240838	0.49680370077142927
0.00017128017498180262	1110.4935256502167	0.49680370077142927
0.00017474024207331235	1131.9922692260984	0.49680370077142927
0.0001782702311174945	1153.906523339764	0.49680370077142927
0.00018187153909821071	1176.2436229583166	0.49680370077142927
0.00018554557755123805	1199.0115275136368	0.49680370077142927
0.000189293845323846	1222.2189630482087	0.49680370077142927
0.00019311782671138658	1245.8740870061206	0.49680370077142927
0.0001970190496649595	1269.9854036736397	0.49680370077142927
0.0002009991003433245	1294.5618217346037	0.49680370077142927
0.00020505955035332585	1319.6119906534902	0.49680370077142927
0.0002092020295094699	1345.145112401846	0.49680370077142927
0.00021342818217817678	1371.1703108427828	0.49680370077142927
0.00021773976914118986	1397.6971675684451	0.49680370077142927
0.00022213840566109866	1424.7346691324826	0.49680370077142927
0.00022662588162347658	1452.2929148792107	0.49680370077142927
0.00023120403056964278	1480.3815978965436	0.49680370077142927
0.00023587465693708523	1509.0109262534377	0.49680370077142927
0.00024063963792286832	1538.1910435995849	0.49680370077142927
0.00024550087982788655	1567.9326941541538	0.49680370077142927
0.0002504603180568665	1598.246043382191	0.49680370077142927
0.00025551993167027804	1629.1419598710481	0.49680370077142927
0.00026068178704008444	1660.6320001210615	0.49680370077142927
0.00026594789233058707	1692.7268406896735	0.49680370077142927
0.0002713204012252388	1725.4381132832532	0.49680370077142927
0.0002768014383036642	1758.777110864876	0.49680370077142927
0.00028239324456080816	1792.7564662735792	0.49680370077142927
0.00028809794457629323	1827.3872952080005	0.49680370077142927
0.0002939179248642178	1862.6820540307635	0.49680370077142927
0.00029985545552335685	1898.6528707642701	0.49680370077142927
0.00030591292306780815	1935.3130847859031	0.49680370077142927
0.00031209277221932996	1972.6754042291661	0.49680370077142927
0.00031839747680351116	2010.7527641436018	0.49680370077142927
0.00032482951064594074	2049.5581140433756	0.49680370077142927
0.0003313914930913598	2089.105863360266	0.49680370077142927
0.0003380860434845092	2129.409315957679	0.49680370077142927
0.00034491583937779064	2170.482418021435	0.49680370077142927
0.0003518835874274374	2212.3394234238945	0.49680370077142927
0.0003589921107050029	2254.995076235365	0.49680370077142927
0.00036624420317821194	2298.4634692436134	0.49680370077142927
0.00037364283343777077	2342.7604930479447	0.49680370077142927
0.00038119088276289425	2387.9004660617866	0.49680370077142927
0.0003888914943672718	2433.899894842047	0.49680370077142927
0.00039674757863394927	2480.773699112627	0.49680370077142927
0.0004047623951919378	2528.5376798569278	0.49680370077142927
0.00041293932008557016	2577.20975567389	0.49680370077142927
0.00042128126369789226	2626.804206433439	0.49680370077142927
0.00042979168938472867	2677.3381540473533	0.49680370077142927
0.00043847406050190346	2728.8298782994466	0.49680370077142927
0.00044733184040524065	2781.2958315228893	0.49680370077142927
0.0004563684924505651	2834.7528639594116	0.49680370077142927
0.0004655877419281751	2889.219589649739	0.49680370077142927
0.00047499322681687767	2944.7142816104597	0.49680370077142927
0.00048458873061463237	3001.255316137231	0.49680370077142927
0.0004943780368193983	3058.8605714054024	0.49680370077142927
0.0005043651326559483	3117.5495427906612	0.49680370077142927
0.0005145540344528854	3177.3421778314932	0.49680370077142927
0.0005249487003311518	3238.255634939003	0.49680370077142927
0.0005355533212423326	3300.3111900345425	0.49680370077142927
0.0005463722045533356	3363.5292764621277	0.49680370077142927
0.0005574096576310695	3427.928989196547	0.49680370077142927
0.0005686701042577629	3493.532020900423	0.49680370077142927
0.0005801579682156444	3560.3580959298088	0.49680370077142927
0.0005918779061175887	3628.428533504763	0.49680370077142927
0.000603834632784128	3697.766115254457	0.49680370077142927
0.0006160328630357986	3768.390575664003	0.49680370077142927
0.000628477544523776	3840.3247758568223	0.49680370077142927
0.000641173624899238	3913.5909077416113	0.49680370077142927
0.0006541261682286859	3988.2116316891183	0.49680370077142927
0.0006673403549939396	4064.2097858522525	0.49680370077142927
0.000680821540299803	4141.608057366816	0.49680370077142927
0.0006945753702893851	4220.432661274173	0.49680370077142927
0.0007086067344062027	4300.702252924307	0.49680370077142927
0.0007229215116240086	4382.442152888743	0.49680370077142927
0.0007375255227088933	4465.677555518322	0.49680370077142927
0.0007524244138039651	4550.432238062634	0.49680370077142927
0.0007676244131289421	4636.731675217631	0.49680370077142927
0.0007831314578652384	4724.601113451653	0.49680370077142927
0.0007989517762325708	4814.064886376132	0.49680370077142927
0.0008150916546583177	4905.148037002531	0.49680370077142927
0.0008315575541928413	4997.876985523263	0.49680370077142927
0.0008483561687171459	5092.277372779468	0.49680370077142927
0.0008654940756969156	5188.374732118453	0.49680370077142927
0.0008829782018437978	5286.19716015621	0.49680370077142927
0.0009008154738694433	5385.769290549678	0.49680370077142927
0.0009190131677314636	5487.119391302142	0.49680370077142927
0.0009375784429721536	5590.275011412281	0.49680370077142927
0.0009565186919644477	5695.259875388318	0.49680370077142927
0.0009758416563272478	5802.104859045806	0.49680370077142927
0.000995554961264134	5910.83718151042	0.49680370077142927
0.0010156665230169888	6021.483057663651	0.49680370077142927
0.0010361843742430204	6134.072224260565	0.49680370077142927
0.0010571165475994349	6248.630651070619	0.49680370077142927
0.0010784717742353684	6365.18878265504	0.49680370077142927
0.001100258319638669	6483.772811173722	0.49680370077142927
0.0011224849149584779	6604.412507251228	0.49680370077142927
0.0011451612226665024	6727.1380675590435	0.49680370077142927
0.0011682949261739844	6851.9735971412665	0.49680370077142927
0.0011918960371986032	6978.94906119684	0.49680370077142927
0.001215973985381425	7108.093859075492	0.49680370077142927
0.0012405382003635164	7239.435955275184	0.49680370077142927
0.0012655986938625568	7373.004325680601	0.49680370077142927
0.001291165477596223	7508.827570708158	0.49680370077142927
0.001317248679697514	7646.9327565156345	0.49680370077142927
0.0013438588939607141	7787.350999617523	0.49680370077142927
0.0013710065977647896	7930.108693531038	0.49680370077142927
0.0013987028505653136	8075.2333508520005	0.49680370077142927
0.001426958478987217	8222.751972046517	0.49680370077142927
0.001455784775316715	8372.693551274577	0.49680370077142927
0.0014851936139166357	8525.085993203966	0.49680370077142927
0.0015151965199038384	8679.954116158557	0.49680370077142927
0.0015458054840564715	8837.324603247698	0.49680370077142927
0.0015770328463986507	8997.22746728413	0.49680370077142927
0.001608890830539166	9159.68555201257	0.49680370077142927
0.0016413925914093848	9324.722946638982	0.49680370077142927
0.0016745509346947074	9492.36770906624	0.49680370077142927
0.001708379015326501	9662.642698396614	0.49680370077142927
0.0017428906867280607	9835.574224924454	0.49680370077142927
0.0017780993366613993	10011.182565043671	0.49680370077142927
0.001814019284211099	10189.489937551045	0.49680370077142927
0.001850664848461748	10370.52238655892	0.49680370077142927
0.0018880506977438912	10554.299640234532	0.49680370077142927
0.001926192780956625	10740.84707628857	0.49680370077142927
0.0019651043694466357	10930.17295955999	0.49680370077142927
0.002004801994189619	11122.30220256434	0.49680370077142927
0.0020453017204999924	11317.25724281305	0.49680370077142927
0.0020866196136921644	11515.050211106054	0.49680370077142927
0.002128771971911191	11715.697984557597	0.49680370077142927
0.0021717760246247044	11919.219922777042	0.49680370077142927
0.002215648768469689	12125.625771086548	0.49680370077142927
0.0022604078985750684	12334.931291928067	0.49680370077142927
0.002306071110069751	12547.145180675836	0.49680370077142927
0.002352656796574592	12762.279150807772	0.49680370077142927
0.0024001835845410824	12980.342349616727	0.49680370077142927
0.0024486703332513566	13201.34475131788	0.49680370077142927
0.0024981368333101273	13425.290511398882	0.49680370077142927
0.002548602409660814	13652.181568990813	0.49680370077142927
0.002600087551400067	13882.02586501929	0.49680370077142927
0.002652612747624517	14114.823874214588	0.49680370077142927
0.0027061989530920974	14350.570169840279	0.49680370077142927
0.00276086782105267	14589.270785762204	0.49680370077142927
0.0028166410047560917	14830.916120944747	0.49680370077142927
0.0028735410887748007	15075.499460851823	0.49680370077142927
0.002931590192019938	15323.019194958215	0.49680370077142927
0.002990812296047808	15573.459552821767	0.49680370077142927
0.003051230451092124	15826.807695721875	0.49680370077142927
0.003112869337201119	16083.052317417716	0.49680370077142927
0.003175753401592373	16342.174459671502	0.49680370077142927
0.0032399094197899116	16604.16396145947	0.49680370077142927
0.0033053599763661636	16868.98265152574	0.49680370077142927
0.0033721325453370805	17136.614784308626	0.49680370077142927
0.0034402539022266843	17407.031105516202	0.49680370077142927
0.003509751986712219	17680.20259886334	0.49680370077142927
0.0035806533414870496	17956.09462243557	0.49680370077142927
0.0036529873032122855	18234.674515505514	0.49680370077142927
0.00372678251005709	18515.902135012784	0.49680370077142927
0.003802068298682568	18799.723868773486	0.49680370077142927
0.003878874937072397	19086.135242717817	0.49680370077142927
0.003957233391702177	19374.930166809212	0.49680370077142927
0.004037174861878155	19666.7146376993	0.49680370077142927
0.0041187312453985206	19961.149921655357	0.49680370077142927
0.004201935138553381	20257.13376500715	0.49680370077142927
0.004286819603294133	20555.551770738115	0.49680370077142927
0.004373419098556042	20856.127454536818	0.49680370077142927
0.004461768083274367	21158.842524977714	0.49680370077142927
0.004551901482045649	21463.60774654991	0.49680370077142927
0.0046438560821116	21770.34654792	0.49680370077142927
0.004737668205052617	22078.968651357845	0.49680370077142927
0.004833375103771686	22389.385682226686	0.49680370077142927
0.004931015428155661	22701.48569294787	0.49680370077142927
0.005030628759413961	23015.240285017586	0.49680370077142927
0.005132254213094711	23330.254396144996	0.49680370077142927
0.005235932301729918	23646.532576834532	0.49680370077142927
0.00534170772880316	23964.4149417851	0.49680370077142927
0.0054496172815561295	24283.364556972498	0.49680370077142927
0.005559706129133701	24603.353827638246	0.49680370077142927
0.005672019906342031	24924.230932217637	0.49680370077142927
0.005786602385342121	25245.85564853802	0.49680370077142927
0.005903499666601419	25568.09215757092	0.49680370077142927
0.0060227578505873715	25890.796147302637	0.49680370077142927
0.006144425366073845	26213.77893001288	0.49680370077142927
0.00626855064183474	26537.008007193956	0.49680370077142927
0.006395183969289065	26860.267183926346	0.49680370077142927
0.0065243751741945735	27183.204469070988	0.49680370077142927
0.006656176410615444	27505.797684790625	0.49680370077142927
0.006790639832615857	27827.82041290322	0.49680370077142927
0.006927819922566412	28149.094826363274	0.49680370077142927
0.00706777069717646	28469.413158919986	0.49680370077142927
0.0072105489671230325	28788.5690561325	0.49680370077142927
0.007356211543083194	29106.35140738385	0.49680370077142927
0.007504817098379136	29422.497860725314	0.49680370077142927
0.007656424306333065	29736.787555508126	0.49680370077142927
0.007811094168573624	30049.054025351437	0.49680370077142927
0.007968888618052008	30358.988592309597	0.49680370077142927
0.008129870519042013	30666.355717932638	0.49680370077142927
0.008294104598462575	30970.88513437733	0.49680370077142927
0.008461656980216507	31272.317369208016	0.49680370077142927
0.008632592856884003	31570.38741807727	0.49680370077142927
0.008806983008980751	31864.808743997877	0.49680370077142927
0.00898490007966757	32155.27427142416	0.49680370077142927
0.009166406467556957	32441.492573130443	0.49680370077142927
0.00935158040374517	32723.164871881727	0.49680370077142927
0.009540494531393048	32999.97887518476	0.49680370077142927
0.009733225218951702	33271.617566952846	0.49680370077142927
0.009929848834872242	33537.7540782675	0.49680370077142927
0.010130445472896097	33798.070475651	0.49680370077142927
0.010335093364119525	34052.20777777331	0.49680370077142927
0.010543875396251675	34299.8215629194	0.49680370077142927
0.010756876319646837	34540.56080532334	0.49680370077142927
0.010974179953336717	34774.056202074345	0.49680370077142927
0.011195871978998186	34999.94090411866	0.49680370077142927
0.011422043666243548	35217.83484843881	0.49680370077142927
0.011652784422039984	35427.35738923644	0.49680370077142927
0.01188818644732237	35628.12409594024	0.49680370077142927
0.012128342874348162	35819.745887318575	0.49680370077142927
0.012373351491987707	36001.83070720272	0.49680370077142927
0.01262330915778875	36173.96810845612	0.49680370077142927
0.012878316454589362	36335.77286941414	0.49680370077142927
0.013138474896550175	36486.83645141065	0.49680370077142927
0.013403890654444691	36626.746922143786	0.49680370077142927
0.013674667105078695	36755.11386360478	0.49680370077142927
0.01395091228187084	36871.525313847334	0.49680370077142927
0.014232739806175235	36975.58058144136	0.49680370077142927
0.014520260505378241	37066.8838661178	0.49680370077142927
0.014813594520092009	37145.025113741256	0.49680370077142927
0.015112848952412612	37209.65063252642	0.49680370077142927
0.01541814953088761	37260.270988773154	0.49680370077142927
0.01572961546480656	37296.877407682834	0.49680370077142927
0.016047367826104168	37317.73292013553	0.49680370077142927
0.016371553763747222	37327.643333765904	0.49680370077142927
0.016702271997928612	37306.97824893969	0.49680370077142927
0.017039688304066655	37334.69316188642	0.49680370077142927
0.017383905127644535	37377.22182978913	0.49680370077142927
0.0177350901067257	37312.521661458035	0.49680370077142927
0.018093355000019067	37249.792425411826	0.49680370077142927
0.01845887303352356	37165.42348604206	0.49680370077142927
0.0188317559659481	37065.43701048295	0.49680370077142927
0.019212193787097927	36947.94827081642	0.49680370077142927
0.019600313156843185	36813.19760653302	0.49680370077142927
0.01999625749886036	36661.015946052714	0.49680370077142927
0.020400216802954667	36490.97164350367	0.49680370077142927
0.02081231772899627	36304.23556471701	0.49680370077142927
0.02123276330530643	36096.1581127239	0.49680370077142927
0.021661683917045593	35883.830187107895	0.49680370077142927
0.02209929004311561	35597.60798330972	0.49680370077142927
0.0225457139313221	35268.733468568185	0.49680370077142927
0.0230011772364378	35002.70091847445	0.49680370077142927
0.023465819656848904	34703.549545278125	0.49680370077142927
0.023939872160553936	34391.872881124014	0.49680370077142927
0.02442347817122936	34062.59419555137	0.49680370077142927
0.024916876107454307	33717.73757765686	0.49680370077142927
0.02542021870613098	33356.650069248186	0.49680370077142927
0.02593375369906425	32982.84501277299	0.49680370077142927
0.026457635685801506	32586.19349454261	0.49680370077142927
0.026992129161953936	32210.91585261775	0.49680370077142927
0.02753739058971406	31837.563319832716	0.49680370077142927
0.02809369564056396	31401.359839355646	0.49680370077142927
0.028661211952567097	30963.7470430382	0.49680370077142927
0.029240220785140977	30512.89753523619	0.49680370077142927
0.029830897226929658	30053.189766275314	0.49680370077142927
0.030433535575866703	29584.739702899133	0.49680370077142927
0.031048320233821862	29108.941407288985	0.49680370077142927
0.031675551086664214	28626.833467296132	0.49680370077142927
0.0323154553771019	28139.647853707553	0.49680370077142927
0.03296825289726257	27648.676814920516	0.49680370077142927
0.0336342714726925	27155.070860710402	0.49680370077142927
0.034313712269067764	26660.484282023757	0.49680370077142927
0.035006910562515245	26166.070964113052	0.49680370077142927
0.03571407869458197	25672.794796639468	0.49680370077142927
0.036435566842556	25182.310116104854	0.49680370077142927
0.03717159852385521	24695.942194711904	0.49680370077142927
0.037922531366348274	24215.066263164157	0.49680370077142927
0.03868859633803367	23740.885443846782	0.49680370077142927
0.03947017714381218	23274.504518387246	0.49680370077142927
0.04026750847697258	22817.147704072933	0.49680370077142927
0.04108098521828651	22369.85768195059	0.49680370077142927
0.04191085323691369	21933.712151028354	0.49680370077142927
0.04275752976536751	21509.641187836238	0.49680370077142927
0.04362126812338829	21098.55858095351	0.49680370077142927
0.04450249299407004	20701.141046466226	0.49680370077142927
0.045401483774185174	20318.024178811535	0.49680370077142927
0.04631867632269861	19949.617601304046	0.49680370077142927
0.047254350036382675	19596.18194156966	0.49680370077142927
0.04820897057652475	19257.788100710808	0.49680370077142927
0.04918283596634864	18934.41277618739	0.49680370077142927
0.05017641931772231	18625.851855428366	0.49680370077142927
0.05119002237915992	18331.79744633673	0.49680370077142927
0.05222415179014205	18051.62139497363	0.49680370077142927
0.05327918007969856	17784.467673290346	0.49680370077142927
0.05435546115040779	17529.220258346944	0.49680370077142927
0.055453538894653334	17284.09897676849	0.49680370077142927
0.05657374486327172	17048.000007535757	0.49680370077142927
0.057716637849807746	16816.721124982047	0.49680370077142927
0.05888256430625916	16597.851468202163	0.49680370077142927
0.06007209792733193	16385.65541145452	0.49680370077142927
0.0612856037914753	16163.81345463969	0.49680370077142927
0.06252367794513701	15942.406454635882	0.49680370077142927
0.06378671526908877	15716.934929262203	0.49680370077142927
0.06507532298564911	15485.988804635614	0.49680370077142927
0.06638989597558977	15247.171726868486	0.49680370077142927
0.06773108989000319	14998.197123257978	0.49680370077142927
0.06909931451082231	14736.945684617947	0.49680370077142927
0.07049524784088135	14461.715630502722	0.49680370077142927
0.07191931456327437	14171.468602699044	0.49680370077142927
0.07337221503257751	13865.598524539451	0.49680370077142927
0.07485438883304595	13543.968187554963	0.49680370077142927
0.07636658102273942	13206.716223152487	0.49680370077142927
0.07790925353765489	12854.311207258528	0.49680370077142927
0.07948315888643265	12487.800414754096	0.49680370077142927
0.08108878880739212	12109.28750350726	0.49680370077142927
0.08272692561149599	11721.755216577107	0.49680370077142927
0.08439807593822478	11328.739703970548	0.49680370077142927
0.08610307425260545	10933.884971628673	0.49680370077142927
0.08784241974353789	10540.889750103046	0.49680370077142927
0.08961699903011322	10153.315265675365	0.49680370077142927
0.09142742305994035	9774.812694178427	0.49680370077142927
0.09327434003353116	9409.058087824182	0.49680370077142927
0.095158651471138	9059.641011517057	0.49680370077142927
0.09708093106746676	8729.959129950286	0.49680370077142927
0.09904213994741441	8422.776133490057	0.49680370077142927
0.10104287415742877	8140.079038173668	0.49680370077142927
0.10308412462472913	7882.841060967931	0.49680370077142927
0.10516651719808581	7651.224511369776	0.49680370077142927
0.10729106515645982	7444.552405824833	0.49680370077142927
0.10945843905210498	7261.379641078	0.49680370077142927
0.11166969686746601	7099.373905288978	0.49680370077142927
0.1139255166053772	6955.323366188201	0.49680370077142927
0.11622700840234756	6825.251540414526	0.49680370077142927
0.118574894964695	6704.661426593667	0.49680370077142927
0.12097033113241193	6588.624778651515	0.49680370077142927
0.12341402471065524	6471.965051473237	0.49680370077142927
0.12590721249580386	6349.570454829087	0.49680370077142927
0.12845064699649808	6217.0856393115655	0.49680370077142927
0.1310455799102783	6071.2864684828755	0.49680370077142927
0.13369281589984897	5910.035488507121	0.49680370077142927
0.1363936513662338	5732.333243187819	0.49680370077142927
0.13914892077445984	5539.03034675412	0.49680370077142927
0.14195998013019562	5332.797544158968	0.49680370077142927
0.1448276787996292	5117.361567930705	0.49680370077142927
0.14775346219539642	4897.359934695592	0.49680370077142927
0.15073834359645846	4678.664411383807	0.49680370077142927
0.15378338098526	4467.2629783897855	0.49680370077142927
0.1568900942802429	4268.194481471815	0.49680370077142927
0.16005939245224	4085.644484061168	0.49680370077142927
0.16329288482666016	3922.602971703054	0.49680370077142927
0.16659153997898102	3780.4748053382314	0.49680370077142927
0.1699569970369339	3659.011194740753	0.49680370077142927
0.17339026927947998	3556.1616272657184	0.49680370077142927
0.17689307034015658	3468.1627903356625	0.49680370077142927
0.18046644330024722	3390.190661153463	0.49680370077142927
0.1841122061014175	3316.856104370355	0.49680370077142927
0.18783141672611237	3242.696456596332	0.49680370077142927
0.1916259527206421	3162.539479944178	0.49680370077142927
0.19549694657325745	3072.79118472792	0.49680370077142927
0.19944635033607477	2972.0434800252997	0.49680370077142927
0.20347532629966736	2860.7777814361557	0.49680370077142927
0.20758591592311865	2741.5639058634324	0.49680370077142927
0.21177931129932404	2618.62244478056	0.49680370077142927
0.2160576283931732	2497.0848828192034	0.49680370077142927
0.22042217850685122	2382.0050701990635	0.49680370077142927
0.2248750925064087	2277.2813448004317	0.49680370077142927
0.22941777110099787	2185.3737770062503	0.49680370077142927
0.23405241966247559	2106.6996238670226	0.49680370077142927
0.23878046870231626	2039.687124366114	0.49680370077142927
0.2436042875051498	1981.0968472268767	0.49680370077142927
0.2485255300998688	1926.7059984108635	0.49680370077142927
0.25354593992233276	1872.253630182468	0.49680370077142927
0.2586680054664612	1814.2002914443626	0.49680370077142927
0.2638933360576629	1750.6479748332704	0.49680370077142927
0.26922446489334106	1681.8211206735216	0.49680370077142927
0.2746630012989044	1609.6960037187168	0.49680370077142927
0.28021171689033514	1537.4480862985276	0.49680370077142927
0.28587222099304194	1468.5995442777157	0.49680370077142927
0.29164737462997437	1405.7964051667784	0.49680370077142927
0.2975388765335083	1350.3088341990651	0.49680370077142927
0.3035497069358826	1301.7297123203625	0.49680370077142927
0.30968165397644043	1258.119146632516	0.49680370077142927
0.3159377872943878	1216.8119060928425	0.49680370077142927
0.32231998443603516	1175.246686728464	0.49680370077142927
0.3288314342498779	1131.7888804048587	0.49680370077142927
0.33547410368919367	1086.3082699320446	0.49680370077142927
0.3422513008117676	1039.957450705435	0.49680370077142927
0.3491650521755219	994.6779717052917	0.49680370077142927
0.35621881484985357	952.2761312041629	0.49680370077142927
0.3634147346019745	913.6992519764872	0.49680370077142927
0.3707563579082489	878.7712898698364	0.49680370077142927
0.3782459497451782	846.3528480895036	0.49680370077142927
0.3858872056007385	814.9660998289271	0.49680370077142927
0.39368247985839844	783.4840297386129	0.49680370077142927
0.4016355574131012	751.5964103933115	0.49680370077142927
0.409748911857605	719.8341268929676	0.49680370077142927
0.4180265963077545	689.1608097068739	0.49680370077142927
0.4264715015888214	660.3761567194442	0.49680370077142927
0.43508657813072205	633.6882924803278	0.49680370077142927
0.44387611746788025	608.6684735243191	0.49680370077142927
0.45284274220466614	584.5877563754835	0.49680370077142927
0.46199101209640503	560.8978061271514	0.49680370077142927
0.4713236093521118	537.5122742324489	0.49680370077142927
0.480845183134079	514.7452594638033	0.49680370077142927
0.4905586838722229	493.01951822440947	0.49680370077142927
0.5004688501358032	472.5133769545221	0.49680370077142927
0.5105787515640259	453.0984753858092	0.49680370077142927
0.5208933353424072	434.44405790782685	0.49680370077142927
0.5314158201217651	416.30319231775854	0.49680370077142927
0.5421513915061951	398.66911442644465	0.49680370077142927
0.5531033277511597	381.6987418886814	0.49680370077142927
0.5642769932746887	365.51821499706807	0.49680370077142927
0.5756758451461792	350.1089874375641	0.49680370077142927
0.5873055458068848	335.3359543087111	0.49680370077142927
0.5991696119308472	321.0821746518378	0.49680370077142927
0.6112739443778992	307.3277178573016	0.49680370077142927
0.6236221194267273	294.12657746781616	0.49680370077142927
0.6362204551696777	281.5083608676486	0.49680370077142927
0.6490726470947266	269.4350205348175	0.49680370077142927
0.6621850728988647	257.8393042282981	0.49680370077142927
0.6755617260932922	246.69268902004333	0.49680370077142927
0.6892093420028687	235.99446111699527	0.49680370077142927
0.7031325697898865	225.74930052141505	0.49680370077142927
0.7173364758491516	215.9405066214109	0.49680370077142927
0.7318279147148132	206.53220095704611	0.49680370077142927
0.746611475944519	197.50651427439922	0.49680370077142927
0.7616943717002869	188.8574227753005	0.49680370077142927
0.7770812511444092	180.5720286559241	0.49680370077142927
0.7927797436714172	172.6334510989725	0.49680370077142927
0.8087944984436035	165.02626758086893	0.49680370077142927
0.8251336216926575	157.7372988510653	0.49680370077142927
0.8418020009994507	150.75798357287653	0.49680370077142927
0.8588079810142517	144.0733076889182	0.49680370077142927
0.8761565685272217	137.6721319774606	0.49680370077142927
0.8938565254211426	131.5425028386194	0.49680370077142927
0.9119131565093994	125.6749950096237	0.49680370077142927
0.9303354024887085	120.0586993127748	0.49680370077142927
0.949129045009613	114.68312469289206	0.49680370077142927
0.9683031439781189	109.53857084702668	0.49680370077142927
0.9878636598587036	104.61579205449554	0.49680370077142927
1.0078202486038208	99.90567090325531	0.49680370077142927
1.0281790494918823	95.39919574329525	0.49680370077142927
1.0489501953125	91.08772357524705	0.49680370077142927
1.070139765739441	86.96362228869476	0.49680370077142927
1.0917586088180542	83.01926449613048	0.49680370077142927
1.113813042640686	79.24692964128289	0.49680370077142927
1.136314034461975	75.63993610605011	0.49680370077142927
1.1592696905136108	72.19114206703752	0.49680370077142927
1.1826878786087036	68.89443984042313	0.49680370077142927
1.2065802812576294	65.743072989095	0.49680370077142927
1.2309542894363403	62.73088501098635	0.49680370077142927
1.255821704864502	59.852007764576044	0.49680370077142927
1.2811903953552246	57.100639452107586	0.49680370077142927
1.3070727586746216	54.471415360478446	0.49680370077142927
1.3334767818450928	51.95929703797952	0.49680370077142927
1.3604153394699097	49.55909594267199	0.49680370077142927
1.3878967761993408	47.266380768051654	0.49680370077142927
1.4159349203109741	45.07643780152582	0.49680370077142927
1.4445379972457886	42.98494341417343	0.49680370077142927
1.4737203121185303	40.98737185891434	0.49680370077142927
1.503490686416626	39.07989280305064	0.49680370077142927
1.5338637828826904	37.25832788788284	0.49680370077142927
1.5648492574691772	35.519095059631276	0.49680370077142927
1.5964618921279907	33.858582073036274	0.49680370077142927
1.6287118196487427	32.27355054481404	0.49680370077142927
1.6616147756576538	30.760619787879158	0.49680370077142927
1.6951807737350464	29.31670763224549	0.49680370077142927
1.7294265031814575	27.938566603168567	0.49680370077142927
1.7643623352050781	26.62342178812327	0.49680370077142927
1.8000056743621826	25.368390825198425	0.49680370077142927
1.8363672494888303	24.170942204553427	0.49680370077142927
1.8734651803970337	23.028502323515138	0.49680370077142927
1.9113107919692993	21.938747256687037	0.49680370077142927
1.9499226808547974	20.899147305746794	0.49680370077142927
1.9893145561218262	19.907518001987686	0.49680370077142927
2.0295004844665527	18.961765692432806	0.49680370077142927
2.070500135421753	18.059751311566597	0.49680370077142927
2.11232590675354	17.199642091306117	0.49680370077142927
2.154998540878296	16.379449466769735	0.49680370077142927
2.19853138923645	15.597460172218474	0.49680370077142927
2.242945671081543	14.851853728207665	0.49680370077142927
2.288254976272583	14.141040629691227	0.49680370077142927
2.334482192993164	13.463403718138881	0.49680370077142927
2.3816404342651367	12.817530639025923	0.49680370077142927
2.4297537803649902	12.20190489744233	0.49680370077142927
2.478837013244629	11.615194644848184	0.49680370077142927
2.528913974761963	11.056028726774391	0.49680370077142927
2.580000162124634	10.523196032627776	0.49680370077142927
2.6321208477020264	10.015472657661663	0.49680370077142927
2.6852917671203613	9.531732427359753	0.49680370077142927
2.7395396232604976	9.070810411700332	0.49680370077142927
2.794880390167236	8.631735001977509	0.49680370077142927
2.8513422012329106	8.21343872612268	0.49680370077142927
2.9089415073394775	7.815008385426241	0.49680370077142927
2.967707395553589	7.435484676675791	0.49680370077142927
3.0276577472686768	7.074020933809717	0.49680370077142927
3.0888218879699707	6.729763314938162	0.49680370077142927
3.151218891143799	6.401934631603468	0.49680370077142927
3.214878797531128	6.08974845829661	0.49680370077142927
3.279825448989868	5.79247759901053	0.49680370077142927
3.346080780029297	5.509453211607319	0.49680370077142927
3.413677453994751	5.239983101722246	0.49680370077142927
3.48263669013977	4.983448576961884	0.49680370077142927
3.5529923439025874	4.739227493132711	0.49680370077142927
3.6247656345367427	4.506763467016797	0.49680370077142927
3.6979923248291025	4.285480380641335	0.49680370077142927
3.7726948261260986	4.074872727806269	0.49680370077142927
3.848910093307495	3.8744163165111996	0.49680370077142927
3.9266612529754643	3.6836505831919135	0.49680370077142927
4.005986690521241	3.5021028411515895	0.49680370077142927
4.086911201477051	3.329352990011181	0.49680370077142927
4.169474124908447	3.1649689571246076	0.49680370077142927
4.253701210021973	3.0085678163549905	0.49680370077142927
4.339633464813232	2.8597577882677276	0.49680370077142927
4.427297592163086	2.718190352851209	0.49680370077142927
4.516737461090088	2.5835072615282995	0.49680370077142927
4.607978820800781	2.4553961672995746	0.49680370077142927
4.70106840133667	2.333524380750185	0.49680370077142927
4.796033859252931	2.217608439020912	0.49680370077142927
4.892922878265381	2.1073524066880474	0.49680370077142927
4.991764068603515	2.002494038749178	0.49680370077142927
5.092606544494629	1.9027708312376717	0.49680370077142927