0.0000053833 43.0593723052 0.4178142908
0.0000054920 43.8856671357 0.4178142908
0.0000056030 44.7278186325 0.4178142908
0.0000057162 45.5861310773 0.4178142908
0.0000058317 46.4609145903 0.4178142908
0.0000059495 47.3524852424 0.4178142908
0.0000060696 48.2611651690 0.4178142908
0.0000061923 49.1872826869 0.4178142908
0.0000063174 50.1311724122 0.4178142908
0.0000064450 51.0931753817 0.4178142908
0.0000065752 52.0736391760 0.4178142908
0.0000067080 53.0729180448 0.4178142908
0.0000068435 54.0913730349 0.4178142908
0.0000069818 55.1293721209 0.4178142908
0.0000071228 56.1872903377 0.4178142908
0.0000072667 57.2655099164 0.4178142908
0.0000074135 58.3644204219 0.4178142908
0.0000075632 59.4844188938 0.4178142908
0.0000077160 60.6259099899 0.4178142908
0.0000078719 61.7893061321 0.4178142908
0.0000080309 62.9750276558 0.4178142908
0.0000081932 64.1835029610 0.4178142908
0.0000083587 65.4151686677 0.4178142908
0.0000085275 66.6704697733 0.4178142908
0.0000086998 67.9498598133 0.4178142908
0.0000088756 69.2538010251 0.4178142908
0.0000090549 70.5827645149 0.4178142908
0.0000092378 71.9372304281 0.4178142908
0.0000094244 73.3176881223 0.4178142908
0.0000096148 74.7246363444 0.4178142908
0.0000098090 76.1585834105 0.4178142908
0.0000100072 77.6200473894 0.4178142908
0.0000102093 79.1095562899 0.4178142908
0.0000104156 80.6276482516 0.4178142908
0.0000106260 82.1748717387 0.4178142908
0.0000108406 83.7517857386 0.4178142908
0.0000110596 85.3589599635 0.4178142908
0.0000112830 86.9969750563 0.4178142908
0.0000115110 88.6664228001 0.4178142908
0.0000117435 90.3679063319 0.4178142908
0.0000119807 92.1020403607 0.4178142908
0.0000122228 93.8694513892 0.4178142908
0.0000124697 95.6707779400 0.4178142908
0.0000127216 97.5066707864 0.4178142908
0.0000129786 99.3777931872 0.4178142908
0.0000132408 101.2848211264 0.4178142908
0.0000135082 103.2284435570 0.4178142908
0.0000137811 105.2093626501 0.4178142908
0.0000140595 107.2282940483 0.4178142908
0.0000143436 109.2859671241 0.4178142908
0.0000146333 111.3831252432 0.4178142908
0.0000149289 113.5205265065 0.4178142908
0.0000152305 115.6989431893 0.4178142908
0.0000155382 117.9191626727 0.4178142908
0.0000158521 120.1819856331 0.4178142908
0.0000161723 122.4882311770 0.4178142908
0.0000164990 124.8387310428 0.4178142908
0.0000168323 127.2343351265 0.4178142908
0.0000171723 129.6759089696 0.4178142908
0.0000175193 132.1643337549 0.4178142908
0.0000178732 134.7005095865 0.4178142908
0.0000182342 137.2853517868 0.4178142908
0.0000186026 139.9197949678 0.4178142908
0.0000189784 142.6047907538 0.4178142908
0.0000193618 145.3413088775 0.4178142908
0.0000197529 148.1303376265 0.4178142908
0.0000201519 150.9728842260 0.4178142908
0.0000205590 153.8699762744 0.4178142908
0.0000209744 156.8226604319 0.4178142908
0.0000213981 159.8320029736 0.4178142908
0.0000218303 162.8990908632 0.4178142908
0.0000222713 166.0250310612 0.4178142908
0.0000227212 169.2109546078 0.4178142908
0.0000231802 172.4580108431 0.4178142908
0.0000236485 175.7673732444 0.4178142908
0.0000241263 179.1402376147 0.4178142908
0.0000246136 182.5778217222 0.4178142908
0.0000251109 186.0813683528 0.4178142908
0.0000256181 189.6521417618 0.4178142908
0.0000261357 193.2914323388 0.4178142908
0.0000266636 197.0005537481 0.4178142908
0.0000272023 200.7808476362 0.4178142908
0.0000277518 204.6336776780 0.4178142908
0.0000283124 208.5604351318 0.4178142908
0.0000288844 212.5625382865 0.4178142908
0.0000294679 216.6414334590 0.4178142908
0.0000300632 220.7985924246 0.4178142908
0.0000306705 225.0355182040 0.4178142908
0.0000312901 229.3537400617 0.4178142908
0.0000319222 233.7548182027 0.4178142908
0.0000325670 238.2403414566 0.4178142908
0.0000332249 242.8119298583 0.4178142908
0.0000338961 247.4712342730 0.4178142908
0.0000345809 252.2199376950 0.4178142908
0.0000352794 257.0597534170 0.4178142908
0.0000359921 261.9924294927 0.4178142908
0.0000367192 267.0197491540 0.4178142908
0.0000374610 272.1435243361 0.4178142908
0.0000382178 277.3656062672 0.4178142908
0.0000389898 282.6878815897 0.4178142908
0.0000397775 288.1122717426 0.4178142908
0.0000405810 293.6407345479 0.4178142908
0.0000414008 299.2752647913 0.4178142908
0.0000422372 305.0178983665 0.4178142908
0.0000430904 310.8707075475 0.4178142908
0.0000439609 316.8358049326 0.4178142908
0.0000448490 322.9153437735 0.4178142908
0.0000457550 329.1115184423 0.4178142908
0.0000466793 335.4265679722 0.4178142908
0.0000476223 341.8627680137 0.4178142908
0.0000485843 348.4224419538 0.4178142908
0.0000495658 355.1079589701 0.4178142908
0.0000505671 361.9217288879 0.4178142908
0.0000515886 368.8662141855 0.4178142908
0.0000526307 375.9439185678 0.4178142908
0.0000536940 383.1573975187 0.4178142908
0.0000547787 390.5092523406 0.4178142908
0.0000558852 398.0021332471 0.4178142908
0.0000570142 405.6387485663 0.4178142908
0.0000581660 413.4218501538 0.4178142908
0.0000593410 421.3542450724 0.4178142908
0.0000605398 429.4387947668 0.4178142908
0.0000617628 437.6784139213 0.4178142908
0.0000630105 446.0760753526 0.4178142908
0.0000642833 454.6348074560 0.4178142908
0.0000655820 463.3576948259 0.4178142908
0.0000669068 472.2478852082 0.4178142908
0.0000682584 481.3085827949 0.4178142908
0.0000696373 490.5430515717 0.4178142908
0.0000710441 499.9546224493 0.4178142908
0.0000724793 509.5466872326 0.4178142908
0.0000739434 519.3227023414 0.4178142908
0.0000754372 529.2861911243 0.4178142908
0.0000769611 539.4407419826 0.4178142908
0.0000785159 549.7900131829 0.4178142908
0.0000801020 560.3377324318 0.4178142908
0.0000817202 571.0876974568 0.4178142908
0.0000833710 582.0437838605 0.4178142908
0.0000850552 593.2099360017 0.4178142908
0.0000867734 604.5901711197 0.4178142908
0.0000885264 616.1885885055 0.4178142908
0.0000903147 628.0093602036 0.4178142908
0.0000921392 640.0567391399 0.4178142908
0.0000940005 652.3350673795 0.4178142908
0.0000958995 664.8487557921 0.4178142908
0.0000978368 677.6023064197 0.4178142908
0.0000998132 690.6003026235 0.4178142908
0.0001018296 703.8474204507 0.4178142908
0.0001038867 717.3484169806 0.4178142908
0.0001059853 731.1081505215 0.4178142908
0.0001081264 745.1315652503 0.4178142908
0.0001103107 759.4236979220 0.4178142908
0.0001125391 773.9896791949 0.4178142908
0.0001148125 788.8347390516 0.4178142908
0.0001171319 803.9642029570 0.4178142908
0.0001194981 819.3835092996 0.4178142908
0.0001219121 835.0981823278 0.4178142908
0.0001243749 851.1138634125 0.4178142908
0.0001268874 867.4362912454 0.4178142908
0.0001294507 884.0713188591 0.4178142908
0.0001320658 901.0249075975 0.4178142908
0.0001347338 918.3031254974 0.4178142908
0.0001374556 935.9121645362 0.4178142908
0.0001402323 953.8583241782 0.4178142908
0.0001430652 972.1480215070 0.4178142908
0.0001459553 990.7878022567 0.4178142908
0.0001489038 1009.7843334315 0.4178142908
0.0001519119 1029.1443924723 0.4178142908
0.0001549807 1048.8749014231 0.4178142908
0.0001581115 1068.9829017072 0.4178142908
0.0001613056 1089.4755723942 0.4178142908
0.0001645641 1110.3602200072 0.4178142908
0.0001678886 1131.6442971595 0.4178142908
0.0001712802 1153.3353754015 0.4178142908
0.0001747402 1175.4411837328 0.4178142908
0.0001782702 1197.9695852762 0.4178142908
0.0001818715 1220.9285954614 0.4178142908
0.0001855456 1244.3263675296 0.4178142908
0.0001892938 1268.1712059789 0.4178142908
0.0001931178 1292.4715855880 0.4178142908
0.0001970190 1317.2361198560 0.4178142908
0.0002009991 1342.4735823779 0.4178142908
0.0002050596 1368.1928987474 0.4178142908
0.0002092020 1394.4031791685 0.4178142908
0.0002134282 1421.1136885641 0.4178142908
0.0002177398 1448.3338563976 0.4178142908
0.0002221384 1476.0732847873 0.4178142908
0.0002266259 1504.3417556313 0.4178142908
0.0002312040 1533.1492166038 0.4178142908
0.0002358747 1562.5057958023 0.4178142908
0.0002406396 1592.4218157486 0.4178142908
0.0002455009 1622.9077616246 0.4178142908
0.0002504603 1653.9743314619 0.4178142908
0.0002555199 1685.6323910370 0.4178142908
0.0002606818 1717.8930060803 0.4178142908
0.0002659479 1750.7674572749 0.4178142908
0.0002713204 1784.2671948119 0.4178142908
0.0002768014 1818.4038816058 0.4178142908
0.0002823932 1853.1893956683 0.4178142908
0.0002880979 1888.6358019954 0.4178142908
0.0002939179 1924.7553861102 0.4178142908
0.0002998555 1961.5606363204 0.4178142908
0.0003059129 1999.0642656726 0.4178142908
0.0003120928 2037.2791972116 0.4178142908
0.0003183975 2076.2185854161 0.4178142908
0.0003248295 2115.8958004660 0.4178142908
0.0003313915 2156.3244466176 0.4178142908
0.0003380860 2197.5183330219 0.4178142908
0.0003449158 2239.4915163710 0.4178142908
0.0003518836 2282.2582902614 0.4178142908
0.0003589921 2325.8331816669 0.4178142908
0.0003662442 2370.2309561806 0.4178142908
0.0003736428 2415.4666157024 0.4178142908
0.0003811909 2461.5554052421 0.4178142908
0.0003888915 2508.5128183032 0.4178142908
0.0003967476 2556.3546151508 0.4178142908
0.0004047624 2605.0967588366 0.4178142908
0.0004129393 2654.7555129929 0.4178142908
0.0004212813 2705.3473716296 0.4178142908
0.0004297917 2756.8890808308 0.4178142908
0.0004384741 2809.3976835846 0.4178142908
0.0004473318 2862.8904414761 0.4178142908
0.0004563685 2917.3849125062 0.4178142908
0.0004655877 2972.8988945754 0.4178142908
0.0004749932 3029.4504572675 0.4178142908
0.0004845887 3087.0579470462 0.4178142908
0.0004943780 3145.7399667815 0.4178142908
0.0005043651 3205.5154056557 0.4178142908
0.0005145540 3266.4033820972 0.4178142908
0.0005249487 3328.4233647297 0.4178142908
0.0005355533 3391.5950349311 0.4178142908
0.0005463722 3455.9383538694 0.4178142908
0.0005574097 3521.4735899966 0.4178142908
0.0005686701 3588.2212799030 0.4178142908
0.0005801580 3656.2022075703 0.4178142908
0.0005918779 3725.4374740403 0.4178142908
0.0006038346 3795.9484329096 0.4178142908
0.0006160329 3867.7567195774 0.4178142908
0.0006284775 3940.8842237651 0.4178142908
0.0006411736 4015.3531344061 0.4178142908
0.0006541262 4091.1859337050 0.4178142908
0.0006673404 4168.4053207266 0.4178142908
0.0006808215 4247.0342967309 0.4178142908
0.0006945754 4327.0961561478 0.4178142908
0.0007086067 4408.6143587508 0.4178142908
0.0007229215 4491.6127751913 0.4178142908
0.0007375255 4576.1154184068 0.4178142908
0.0007524244 4662.1466084939 0.4178142908
0.0007676244 4749.7309099001 0.4178142908
0.0007831315 4838.8931541941 0.4178142908
0.0007989518 4929.6583400626 0.4178142908
0.0008150917 5022.0517763898 0.4178142908
0.0008315576 5116.0989470578 0.4178142908
0.0008483562 5211.8256094910 0.4178142908
0.0008654941 5309.2577013875 0.4178142908
0.0008829782 5408.4213869061 0.4178142908
0.0009008155 5509.3430215005 0.4178142908
0.0009190132 5612.0491465956 0.4178142908
0.0009375784 5716.5664833782 0.4178142908
0.0009565187 5822.9219732750 0.4178142908
0.0009758417 5931.1426585833 0.4178142908
0.0009955550 6041.2557621368 0.4178142908
0.0010156665 6153.2886474828 0.4178142908
0.0010361844 6267.2687994957 0.4178142908
0.0010571165 6383.2238000420 0.4178142908
0.0010784718 6501.1813842561 0.4178142908
0.0011002583 6621.1693173112 0.4178142908
0.0011224849 6743.2154527591 0.4178142908
0.0011451612 6867.3477489756 0.4178142908
0.0011682949 6993.5941037458 0.4178142908
0.0011918960 7121.9824606424 0.4178142908
0.0012159740 7252.5407920393 0.4178142908
0.0012405382 7385.2970640907 0.4178142908
0.0012655987 7520.2791530890 0.4178142908
0.0012911655 7657.5149015720 0.4178142908
0.0013172487 7797.0320584738 0.4178142908
0.0013438589 7938.8583081440 0.4178142908
0.0013710066 8083.0210994057 0.4178142908
0.0013987029 8229.5478131891 0.4178142908
0.0014269585 8378.4656745396 0.4178142908
0.0014557848 8529.8015487513 0.4178142908
0.0014851936 8683.5765798329 0.4178142908
0.0015151965 8839.8231708983 0.4178142908
0.0015458055 8998.5674666698 0.4178142908
0.0015770328 9159.8353199200 0.4178142908
0.0016088908 9323.6521657520 0.4178142908
0.0016413926 9490.0431653491 0.4178142908
0.0016745509 9659.0329102031 0.4178142908
0.0017083790 9830.6455737823 0.4178142908
0.0017428907 10004.9048082785 0.4178142908
0.0017780993 10181.8337752191 0.4178142908
0.0018140193 10361.4549465558 0.4178142908
0.0018506648 10543.7902162035 0.4178142908
0.0018880507 10728.8607330759 0.4178142908
0.0019261928 10916.6897827277 0.4178142908
0.0019651044 11107.2942210263 0.4178142908
0.0020048020 11300.6929478005 0.4178142908
0.0020453017 11496.9039965738 0.4178142908
0.0020866196 11695.9443880185 0.4178142908
0.0021287720 11897.8302019238 0.4178142908
0.0021717760 12102.5765123893 0.4178142908
0.0022156488 12310.1972039674 0.4178142908
0.0022604079 12520.7051309472 0.4178142908
0.0023060711 12734.1118787168 0.4178142908
0.0023526568 12950.4266148152 0.4178142908
0.0024001836 13169.6594390305 0.4178142908
0.0024486703 13391.8179555102 0.4178142908
0.0024981368 13616.9083338312 0.4178142908
0.0025486024 13844.9352308161 0.4178142908
0.0026000876 14075.9017529206 0.4178142908
0.0026526127 14309.8092733110 0.4178142908
0.0027061990 14546.6575380259 0.4178142908
0.0027608678 14786.4449251423 0.4178142908
0.0028166410 15029.1670564127 0.4178142908
0.0028735411 15274.8181935503 0.4178142908
0.0029315902 15523.3903565584 0.4178142908
0.0029908123 15774.8735672443 0.4178142908
0.0030512305 16029.2558579453 0.4178142908
0.0031128693 16286.5227442784 0.4178142908
0.0031757534 16546.6574775595 0.4178142908
0.0032399094 16809.6410261348 0.4178142908
0.0033053600 17075.4515248203 0.4178142908
0.0033721325 17344.0648951598 0.4178142908
0.0034402539 17615.4539990972 0.4178142908
0.0035097520 17889.5891402157 0.4178142908
0.0035806533 18166.4374787805 0.4178142908
0.0036529873 18445.9635162627 0.4178142908
0.0037267825 18728.1283370049 0.4178142908
0.0038020683 19012.8899841235 0.4178142908
0.0038788749 19300.2033797928 0.4178142908
0.0039572334 19590.0197852081 0.4178142908
0.0040371749 19882.2872136282 0.4178142908
0.0041187312 20176.9501621171 0.4178142908
0.0042019351 20473.9492325397 0.4178142908
0.0042868196 20773.2212697982 0.4178142908
0.0043734191 21074.6994303037 0.4178142908
0.0044617681 21378.3125979761 0.4178142908
0.0045519015 21683.9856931692 0.4178142908
0.0046438561 21991.6391399517 0.4178142908
0.0047376682 22301.1891716918 0.4178142908
0.0048333751 22612.5474599631 0.4178142908
0.0049310154 22925.6207297291 0.4178142908
0.0050306288 23240.3113195687 0.4178142908
0.0051322542 23556.5163902583 0.4178142908
0.0052359323 23874.1281481189 0.4178142908
0.0053417077 24193.0337779339 0.4178142908
0.0054496173 24513.1145512793 0.4178142908
0.0055597061 24834.2468547409 0.4178142908
0.0056720199 25156.3010298414 0.4178142908
0.0057866024 25479.1418377222 0.4178142908
0.0059034997 25802.6278934766 0.4178142908
0.0060227579 26126.6119040009 0.4178142908
0.0061444254 26450.9401710687 0.4178142908
0.0062685506 26775.4528302115 0.4178142908
0.0063951840 27099.9830944167 0.4178142908
0.0065243752 27423.1386900712 0.4178142908
0.0066561764 27745.9843185677 0.4178142908
0.0067906398 28068.3371413376 0.4178142908
0.0069278199 28390.0073099172 0.4178142908
0.0070677707 28710.7977757903 0.4178142908
0.0072105490 29030.5039816267 0.4178142908
0.0073562115 29348.9136626464 0.4178142908
0.0075048171 29665.8071930793 0.4178142908
0.0076564243 29980.9564422218 0.4178142908
0.0078110942 30294.1255010439 0.4178142908
0.0079688886 30605.0696815731 0.4178142908
0.0081298705 30913.5360818784 0.4178142908
0.0082941046 31220.4616891742 0.4178142908
0.0084616570 31524.3261681522 0.4178142908
0.0086325929 31824.8441152741 0.4178142908
0.0088069830 32121.7206472928 0.4178142908
0.0089849001 32414.6504756212 0.4178142908
0.0091664065 32703.3184868949 0.4178142908
0.0093515804 32987.3986542164 0.4178142908
0.0095404945 33266.5549161939 0.4178142908
0.0097332252 33540.4397511322 0.4178142908
0.0099298488 33808.6954433083 0.4178142908
0.0101304455 34070.0510194428 0.4178142908
0.0103350934 34325.0828034309 0.4178142908
0.0105438754 34573.4027751157 0.4178142908
0.0107568763 34814.6121319820 0.4178142908
0.0109741800 35048.3002460961 0.4178142908
0.0111958720 35274.0712225907 0.4178142908
0.0114220437 35491.4698060970 0.4178142908
0.0116527844 35700.0531054439 0.4178142908
0.0118881864 35899.3671561157 0.4178142908
0.0121283429 36088.9475776841 0.4178142908
0.0123733515 36268.3212566593 0.4178142908
0.0126233092 36437.0056304874 0.4178142908
0.0128783165 36594.5032224016 0.4178142908
0.0131384749 36740.3249970864 0.4178142908
0.0134038907 36873.9696582876 0.4178142908
0.0136746671 36994.9318225387 0.4178142908
0.0139509123 37102.7043347391 0.4178142908
0.0142327398 37196.7799223299 0.4178142908
0.0145202605 37276.6491275026 0.4178142908
0.0148135945 37341.8278140984 0.4178142908
0.0151128490 37391.8346464307 0.4178142908
0.0154181495 37426.2019063238 0.4178142908
0.0157296155 37444.4811833945 0.4178142908
0.0160473678 37446.2457249277 0.4178142908
0.0163715538 37431.0977154122 0.4178142908
0.0167022720 37398.6730193646 0.4178142908
0.0170396883 37348.6476247817 0.4178142908
0.0173839051 37280.7445539301 0.4178142908
0.0177350901 37194.7456665205 0.4178142908
0.0180933550 37090.4844532963 0.4178142908
0.0184588730 36967.8624309563 0.4178142908
0.0188317560 36826.8499134088 0.4178142908
0.0192121938 36667.4933553047 0.4178142908
0.0196003132 36489.9215553960 0.4178142908
0.0199962575 36294.3513131866 0.4178142908
0.0204002168 36081.0988153286 0.4178142908
0.0208123177 35850.5801964991 0.4178142908
0.0212327633 35603.3152426514 0.4178142908
0.0216616839 35339.9165513027 0.4178142908
0.0220992900 35060.6931555999 0.4178142908
0.0225457139 34766.8241235671 0.4178142908
0.0230011772 34459.1854307278 0.4178142908
0.0234658197 34138.7163504164 0.4178142908
0.0239398722 33806.4129940942 0.4178142908
0.0244234782 33463.3218849974 0.4178142908
0.0249168761 33110.5376586541 0.4178142908
0.0254202187 32749.1920424749 0.4178142908
0.0259337537 32380.4367762039 0.4178142908
0.0264576357 32005.4188704831 0.4178142908
0.0269921292 31625.2601735253 0.4178142908
0.0275373906 31241.0408966273 0.4178142908
0.0280936956 30853.7885927339 0.4178142908
0.0286612120 30464.4708006981 0.4178142908
0.0292402208 30073.9843633716 0.4178142908
0.0298308972 29683.1310300950 0.4178142908
0.0304335356 29292.5866939353 0.4178142908
0.0310483202 28902.8810352164 0.4178142908
0.0316755511 28514.3950414666 0.4178142908
0.0323154554 28127.3610998029 0.4178142908
0.0329682529 27741.8719831327 0.4178142908
0.0336342715 27357.8821833832 0.4178142908
0.0343137123 26975.2082665119 0.4178142908
0.0350069106 26593.5322794146 0.4178142908
0.0357140787 26212.4061792422 0.4178142908
0.0364355668 25831.2744436424 0.4178142908
0.0371715985 25449.5076654601 0.4178142908
0.0379225314 25066.4513664086 0.4178142908
0.0386885963 24681.4732814300 0.4178142908
0.0394701771 24294.0085637924 0.4178142908
0.0402675085 23903.6021638233 0.4178142908
0.0410809852 23509.9506478615 0.4178142908
0.0419108532 23112.9421215493 0.4178142908
0.0427575298 22712.6888177018 0.4178142908
0.0436212681 22309.5392356470 0.4178142908
0.0445024930 21904.0782941927 0.4178142908
0.0454014838 21497.1141821266 0.4178142908
0.0463186763 21089.6555171023 0.4178142908
0.0472543500 20682.8611682437 0.4178142908
0.0482089706 20277.9700037251 0.4178142908
0.0491828360 19877.2073097599 0.4178142908
0.0501764193 19480.9164069720 0.4178142908
0.0511900224 19090.2030817438 0.4178142908
0.0522241518 18705.9854774607 0.4178142908
0.0532791801 18328.9413831799 0.4178142908
0.0543554612 17959.4854731779 0.4178142908
0.0554535389 17597.7254652953 0.4178142908
0.0565737449 17243.4288041472 0.4178142908
0.0577166378 16896.0625296035 0.4178142908
0.0588825643 16554.8493258091 0.4178142908
0.0600720979 16218.8267608709 0.4178142908
0.0612856038 15886.9412700355 0.4178142908
0.0625236779 15557.5018359271 0.4178142908
0.0637867153 15230.2114734675 0.4178142908
0.0650753230 14904.4346456005 0.4178142908
0.0663898960 14579.8672762369 0.4178142908
0.0677310899 14256.5636709857 0.4178142908
0.0690993145 13934.9151134984 0.4178142908
0.0704952478 13615.6065886530 0.4178142908
0.0719193146 13299.5313296094 0.4178142908
0.0733722150 12987.6355548058 0.4178142908
0.0748543888 12680.7965422892 0.4178142908
0.0763665810 12380.0738100084 0.4178142908
0.0779092535 12085.5418826540 0.4178142908
0.0794831589 11797.2683660062 0.4178142908
0.0810887888 11514.9551502347 0.4178142908
0.0827269256 11238.0084442515 0.4178142908
0.0843980759 10965.6329034637 0.4178142908
0.0861030743 10696.9739737586 0.4178142908
0.0878424197 10431.2829466050 0.4178142908
0.0896169990 10168.0559700088 0.4178142908
0.0914274231 9907.1234408009 0.4178142908
0.0932743400 9648.6550551965 0.4178142908
0.0951586515 9393.0988065000 0.4178142908
0.0970809311 9141.0683930701 0.4178142908
0.0990421399 8893.1744942150 0.4178142908
0.1010428742 8649.8862839275 0.4178142908
0.1030841246 8411.4345089749 0.4178142908
0.1051665172 8177.7626552813 0.4178142908
0.1072910652 7948.5685356220 0.4178142908
0.1094584391 7723.4136893671 0.4178142908
0.1116696969 7501.8598543431 0.4178142908
0.1139255166 7283.6161658033 0.4178142908
0.1162270084 7068.6273357603 0.4178142908
0.1185748950 6857.0705630414 0.4178142908
0.1209703311 6649.2934597858 0.4178142908
0.1234140247 6445.6838285075 0.4178142908
0.1259072125 6246.5464873942 0.4178142908
0.1284506470 6052.0192650699 0.4178142908
0.1310455799 5862.0565216231 0.4178142908
0.1336928159 5676.4919351640 0.4178142908
0.1363936514 5495.1358733921 0.4178142908
0.1391489208 5317.8784561880 0.4178142908
0.1419599801 5144.7418023015 0.4178142908
0.1448276788 4975.8623359216 0.4178142908
0.1477534622 4811.4233824240 0.4178142908
0.1507383436 4651.5658693578 0.4178142908
0.1537833810 4496.3289359903 0.4178142908
0.1568900943 4345.6454595343 0.4178142908
0.1600593925 4199.3894687616 0.4178142908
0.1632928848 4057.4438977385 0.4178142908
0.1665915400 3919.7942617094 0.4178142908
0.1699569970 3786.3876577776 0.4178142908
0.1733902693 3657.2238457798 0.4178142908
0.1768930703 3532.2697383734 0.4178142908
0.1804664433 3411.4333885351 0.4178142908
0.1841122061 3294.5788791700 0.4178142908
0.1878314167 3181.5578305193 0.4178142908
0.1916259527 3072.2408841142 0.4178142908
0.1954969466 2966.5207491388 0.4178142908
0.1994463503 2864.2921622307 0.4178142908
0.2034753263 2765.4305297576 0.4178142908
0.2075859159 2669.7893668081 0.4178142908
0.2117793113 2577.2124459211 0.4178142908
0.2160576284 2487.5521063704 0.4178142908
0.2204221785 2400.6749460964 0.4178142908
0.2248750925 2316.4563138117 0.4178142908
0.2294177711 2234.7713854235 0.4178142908
0.2340524197 2155.4967047007 0.4178142908
0.2387804687 2078.5185237182 0.4178142908
0.2436042875 2003.7391944926 0.4178142908
0.2485255301 1931.0764315396 0.4178142908
0.2535459399 1860.4598808806 0.4178142908
0.2586680055 1791.8290342040 0.4178142908
0.2638933361 1725.1358263283 0.4178142908
0.2692244649 1660.3483545703 0.4178142908
0.2746630013 1597.4488325656 0.4178142908
0.2802117169 1536.4302598826 0.4178142908
0.2858722210 1477.2930320816 0.4178142908
0.2916473746 1420.0427486119 0.4178142908
0.2975388765 1364.6878712599 0.4178142908
0.3035497069 1311.2359693055 0.4178142908
0.3096816540 1259.6902019412 0.4178142908
0.3159377873 1210.0470880488 0.4178142908
0.3223199844 1162.2933800237 0.4178142908
0.3288314342 1116.4048547358 0.4178142908
0.3354741037 1072.3444845226 0.4178142908
0.3422513008 1030.0626934296 0.4178142908
0.3491650522 989.4971546362 0.4178142908
0.3562188148 950.5746172842 0.4178142908
0.3634147346 913.2132608100 0.4178142908
0.3707563579 877.3257526503 0.4178142908
0.3782459497 842.8212689518 0.4178142908
0.3858872056 809.6088704886 0.4178142908
0.3936824799 777.6014079707 0.4178142908
0.4016355574 746.7188255872 0.4178142908
0.4097489119 716.8899351538 0.4178142908
0.4180265963 688.0557311403 0.4178142908
0.4264715016 660.1716189084 0.4178142908
0.4350865781 633.2073378314 0.4178142908
0.4438761175 607.1455987926 0.4178142908
0.4528427422 581.9804579119 0.4178142908
0.4619910121 557.7143279004 0.4178142908
0.4713236094 534.3536199827 0.4178142908
0.4808451831 511.9045826007 0.4178142908
0.4905586839 490.3682804923 0.4178142908
0.5004688501 469.7371990902 0.4178142908
0.5105787516 449.9933892647 0.4178142908
0.5208933353 431.1080988825 0.4178142908
0.5314158201 413.0421136933 0.4178142908
0.5421513915 395.7477246284 0.4178142908
0.5531033278 379.1729695548 0.4178142908
0.5642769933 363.2652563044 0.4178142908
0.5756758451 347.9749389698 0.4178142908
0.5873055458 333.2591792170 0.4178142908
0.5991696119 319.0843710026 0.4178142908
0.6112739444 305.4278855853 0.4178142908
0.6236221194 292.2770508136 0.4178142908
0.6362204552 279.6273240171 0.4178142908
0.6490726471 267.4788400988 0.4178142908
0.6621850729 255.8321138617 0.4178142908
0.6755617261 244.6840748541 0.4178142908
0.6892093420 234.0251829530 0.4178142908
0.7031325698 223.8384389939 0.4178142908
0.7173364758 214.1001297690 0.4178142908
0.7318279147 204.7819066090 0.4178142908
0.7466114759 195.8542781985 0.4178142908
0.7616943717 187.2900450294 0.4178142908
0.7770812511 179.0668480822 0.4178142908
0.7927797437 171.1689175873 0.4178142908
0.8087944984 163.5868062376 0.4178142908
0.8251336217 156.3155459682 0.4178142908
0.8418020010 149.3519679179 0.4178142908
0.8588079810 142.6915421524 0.4178142908
0.8761565685 136.3261580996 0.4178142908
0.8938565254 130.2436556212 0.4178142908
0.9119131565 124.4285250986 0.4178142908
0.9303354025 118.8641273759 0.4178142908
0.9491290450 113.5350096994 0.4178142908
0.9683031440 108.4287281223 0.4178142908
0.9878636599 103.5364997877 0.4178142908
1.0078202486 98.8523990875 0.4178142908
1.0281790495 94.3717525946 0.4178142908
1.0489501953 90.0892374075 0.4178142908
1.0701397657 85.9977166525 0.4178142908
1.0917586088 82.0882233735 0.4178142908
1.1138130426 78.3508647388 0.4178142908
1.1363140345 74.7762474491 0.4178142908
1.1592696905 71.3565401132 0.4178142908
1.1826878786 68.0857263934 0.4178142908
1.2065802813 64.9589782325 0.4178142908
1.2309542894 61.9716103158 0.4178142908
1.2558217049 59.1182866982 0.4178142908
1.2811903954 56.3929068993 0.4178142908
1.3070727587 53.7891214866 0.4178142908
1.3334767818 51.3010013425 0.4178142908
1.3604153395 48.9234992171 0.4178142908
1.3878967762 46.6522999624 0.4178142908
1.4159349203 44.4834008513 0.4178142908
1.4445379972 42.4126303941 0.4178142908
1.4737203121 40.4355721263 0.4178142908
1.5034906864 38.5478226786 0.4178142908
1.5338637829 36.7453178777 0.4178142908
1.5648492575 35.0244088222 0.4178142908
1.5964618921 33.3817406401 0.4178142908
1.6287118196 31.8140113641 0.4178142908
1.6616147757 30.3178951847 0.4178142908
1.6951807737 28.8901199218 0.4178142908
1.7294265032 27.5276215397 0.4178142908
1.7643623352 26.2275605665 0.4178142908
1.8000056744 24.9872395153 0.4178142908
1.8363672495 23.8040243332 0.4178142908
1.8734651804 22.6753488608 0.4178142908
1.9113107920 21.5987570708 0.4178142908
1.9499226809 20.5719211083 0.4178142908
1.9893145561 19.5926195219 0.4178142908
2.0295004845 18.6587256921 0.4178142908
2.0705001354 17.7682040184 0.4178142908
2.1123259068 16.9191062480 0.4178142908
2.1549985409 16.1095679405 0.4178142908
2.1985313892 15.3378050637 0.4178142908
2.2429456711 14.6021107178 0.4178142908
2.2882549763 13.9008519828 0.4178142908
2.3344821930 13.2324668843 0.4178142908
2.3816404343 12.5954614749 0.4178142908
2.4297537804 11.9884070274 0.4178142908
2.4788370132 11.4099373348 0.4178142908
2.5289139748 10.8587461139 0.4178142908
2.5800001621 10.3335845104 0.4178142908
2.6321208477 9.8332586993 0.4178142908
2.6852917671 9.3566275795 0.4178142908
2.7395396233 8.9026005588 0.4178142908
2.7948803902 8.4701354247 0.4178142908
2.8513422012 8.0582363006 0.4178142908
2.9089415073 7.6659516814 0.4178142908
2.9677073956 7.2923725479 0.4178142908
3.0276577473 6.9366305566 0.4178142908
3.0888218880 6.5978963009 0.4178142908
3.1512188911 6.2753776430 0.4178142908
3.2148787975 5.9683181127 0.4178142908
3.2798254490 5.6759953707 0.4178142908
3.3460807800 5.3977197350 0.4178142908
3.4136774540 5.1328327661 0.4178142908
3.4826366901 4.8807059114 0.4178142908
3.5529923439 4.6407392039 0.4178142908
3.6247656345 4.4123600154 0.4178142908
3.6979923248 4.1950218606 0.4178142908
3.7726948261 3.9882032508 0.4178142908
3.8489100933 3.7914065953 0.4178142908
3.9266612530 3.6041571487 0.4178142908
4.0059866905 3.4260020018 0.4178142908
4.0869112015 3.2565091152 0.4178142908
4.1694741249 3.0952663936 0.4178142908
4.2537012100 2.9418807985 0.4178142908
4.3396334648 2.7959774992 0.4178142908
4.4272975922 2.6571990595 0.4178142908
4.5167374611 2.5252046590 0.4178142908
4.6079788208 2.3996693474 0.4178142908
4.7010684013 2.2802833315 0.4178142908
4.7960338593 2.1667512918 0.4178142908
4.8929228783 2.0587917292 0.4178142908
4.9917640686 1.9561363397 0.4178142908
5.0926065445 1.8585294161 0.4178142908
