0.0000053833 43.0257191542 0.3809783641
0.0000054920 43.8513683049 0.3809783641
0.0000056030 44.6928617269 0.3809783641
0.0000057162 45.5505034642 0.3809783641
0.0000058317 46.4246033946 0.3809783641
0.0000059495 47.3154773420 0.3809783641
0.0000060696 48.2234471902 0.3809783641
0.0000061923 49.1488409994 0.3809783641
0.0000063174 50.0919931245 0.3809783641
0.0000064450 51.0532443357 0.3809783641
0.0000065752 52.0329419420 0.3809783641
0.0000067080 53.0314399165 0.3809783641
0.0000068435 54.0490990242 0.3809783641
0.0000069818 55.0862869520 0.3809783641
0.0000071228 56.1433784421 0.3809783641
0.0000072667 57.2207554269 0.3809783641
0.0000074135 58.3188071672 0.3809783641
0.0000075632 59.4379303927 0.3809783641
0.0000077160 60.5785294450 0.3809783641
0.0000078719 61.7410164242 0.3809783641
0.0000080309 62.9258113374 0.3809783641
0.0000081932 64.1333422502 0.3809783641
0.0000083587 65.3640454419 0.3809783641
0.0000085275 66.6183655624 0.3809783641
0.0000086998 67.8967557933 0.3809783641
0.0000088756 69.1996780111 0.3809783641
0.0000090549 70.5276029546 0.3809783641
0.0000092378 71.8810103943 0.3809783641
0.0000094244 73.2603893061 0.3809783641
0.0000096148 74.6662380477 0.3809783641
0.0000098090 76.0990645387 0.3809783641
0.0000100072 77.5593864436 0.3809783641
0.0000102093 79.0477313596 0.3809783641
0.0000104156 80.5646370062 0.3809783641
0.0000106260 82.1106514202 0.3809783641
0.0000108406 83.6863331528 0.3809783641
0.0000110596 85.2922514722 0.3809783641
0.0000112830 86.9289865683 0.3809783641
0.0000115110 88.5971297629 0.3809783641
0.0000117435 90.2972837230 0.3809783641
0.0000119807 92.0300626782 0.3809783641
0.0000122228 93.7960926428 0.3809783641
0.0000124697 95.5960116420 0.3809783641
0.0000127216 97.4304699419 0.3809783641
0.0000129786 99.3001302843 0.3809783641
0.0000132408 101.2056681267 0.3809783641
0.0000135082 103.1477718852 0.3809783641
0.0000137811 105.1271431841 0.3809783641
0.0000140595 107.1444971084 0.3809783641
0.0000143436 109.2005624626 0.3809783641
0.0000146333 111.2960820336 0.3809783641
0.0000149289 113.4318134020 0.3809783641
0.0000152305 115.6085280705 0.3809783641
0.0000155382 117.8270127363 0.3809783641
0.0000158521 120.0880685426 0.3809783641
0.0000161723 122.3925115143 0.3809783641
0.0000164990 124.7411752782 0.3809783641
0.0000168323 127.1349081147 0.3809783641
0.0000171723 129.5745742090 0.3809783641
0.0000175193 132.0610551549 0.3809783641
0.0000178732 134.5952503711 0.3809783641
0.0000182342 137.1780738164 0.3809783641
0.0000186026 139.8104586826 0.3809783641
0.0000189784 142.4933562597 0.3809783641
0.0000193618 145.2277359474 0.3809783641
0.0000197529 148.0145854365 0.3809783641
0.0000201519 150.8549116348 0.3809783641
0.0000205590 153.7497410552 0.3809783641
0.0000209744 156.7001183708 0.3809783641
0.0000213981 159.7071103226 0.3809783641
0.0000218303 162.7718026014 0.3809783641
0.0000222713 165.8953019538 0.3809783641
0.0000227212 169.0787376594 0.3809783641
0.0000231802 172.3232580702 0.3809783641
0.0000236485 175.6300368422 0.3809783641
0.0000241263 179.0002677503 0.3809783641
0.0000246136 182.4351678926 0.3809783641
0.0000251109 185.9359780679 0.3809783641
0.0000256181 189.5039637417 0.3809783641
0.0000261357 193.1404125570 0.3809783641
0.0000266636 196.8466383198 0.3809783641
0.0000272023 200.6239800473 0.3809783641
0.0000277518 204.4738016876 0.3809783641
0.0000283124 208.3974934070 0.3809783641
0.0000288844 212.3964723856 0.3809783641
0.0000294679 216.4721828660 0.3809783641
0.0000300632 220.6260966141 0.3809783641
0.0000306705 224.8597156260 0.3809783641
0.0000312901 229.1745671271 0.3809783641
0.0000319222 233.5722099160 0.3809783641
0.0000325670 238.0542327564 0.3809783641
0.0000332249 242.6222540691 0.3809783641
0.0000338961 247.2779228223 0.3809783641
0.0000345809 252.0229217351 0.3809783641
0.0000352794 256.8589620748 0.3809783641
0.0000359921 261.7877907890 0.3809783641
0.0000367192 266.8111885463 0.3809783641
0.0000374610 271.9309675770 0.3809783641
0.0000382178 277.1489772481 0.3809783641
0.0000389898 282.4671013471 0.3809783641
0.0000397775 287.8872617012 0.3809783641
0.0000405810 293.4114128485 0.3809783641
0.0000414008 299.0415499631 0.3809783641
0.0000422372 304.7797072416 0.3809783641
0.0000430904 310.6279548401 0.3809783641
0.0000439609 316.5884035747 0.3809783641
0.0000448490 322.6632065380 0.3809783641
0.0000457550 328.8545546369 0.3809783641
0.0000466793 335.1646817722 0.3809783641
0.0000476223 341.5958685587 0.3809783641
0.0000485843 348.1504346184 0.3809783641
0.0000495658 354.8307462359 0.3809783641
0.0000505671 361.6392124361 0.3809783641
0.0000515886 368.5782910138 0.3809783641
0.0000526307 375.6504869089 0.3809783641
0.0000536940 382.8583496700 0.3809783641
0.0000547787 390.2044830191 0.3809783641
0.0000558852 397.6915360864 0.3809783641
0.0000570142 405.3222108904 0.3809783641
0.0000581660 413.0992595278 0.3809783641
0.0000593410 421.0254868962 0.3809783641
0.0000605398 429.1037504319 0.3809783641
0.0000617628 437.3369642422 0.3809783641
0.0000630105 445.7281003152 0.3809783641
0.0000642833 454.2801841113 0.3809783641
0.0000655820 462.9962981765 0.3809783641
0.0000669068 471.8795873205 0.3809783641
0.0000682584 480.9332491674 0.3809783641
0.0000696373 490.1605513417 0.3809783641
0.0000710441 499.5648204007 0.3809783641
0.0000724793 509.1494466605 0.3809783641
0.0000739434 518.9178830750 0.3809783641
0.0000754372 528.8736499826 0.3809783641
0.0000769611 539.0203328497 0.3809783641
0.0000785159 549.3615894662 0.3809783641
0.0000801020 559.9011429247 0.3809783641
0.0000817202 570.6427905995 0.3809783641
0.0000833710 581.5904020206 0.3809783641
0.0000850552 592.7479200523 0.3809783641
0.0000867734 604.1193608816 0.3809783641
0.0000885264 615.7088186575 0.3809783641
0.0000903147 627.5204632635 0.3809783641
0.0000921392 639.5585502031 0.3809783641
0.0000940005 651.8274058215 0.3809783641
0.0000958995 664.3314466591 0.3809783641
0.0000978368 677.0751694744 0.3809783641
0.0000998132 690.0631570847 0.3809783641
0.0001018296 703.3000800471 0.3809783641
0.0001038867 716.7906971269 0.3809783641
0.0001059853 730.5398552747 0.3809783641
0.0001081264 744.5524989401 0.3809783641
0.0001103107 758.8336635785 0.3809783641
0.0001125391 773.3884772431 0.3809783641
0.0001148125 788.2221638173 0.3809783641
0.0001171319 803.3400466705 0.3809783641
0.0001194981 818.7475556696 0.3809783641
0.0001219121 834.4502209439 0.3809783641
0.0001243749 850.4536712104 0.3809783641
0.0001268874 866.7636460500 0.3809783641
0.0001294507 883.3860010571 0.3809783641
0.0001320658 900.3266852323 0.3809783641
0.0001347338 917.5917606597 0.3809783641
0.0001374556 935.1874253495 0.3809783641
0.0001402323 953.1199693606 0.3809783641
0.0001430652 971.3958121929 0.3809783641
0.0001459553 990.0214932561 0.3809783641
0.0001489038 1009.0036724543 0.3809783641
0.0001519119 1028.3491258739 0.3809783641
0.0001549807 1048.0647689972 0.3809783641
0.0001581115 1068.1576435018 0.3809783641
0.0001613056 1088.6349236338 0.3809783641
0.0001645641 1109.5039103111 0.3809783641
0.0001678886 1130.7720558744 0.3809783641
0.0001712802 1152.4469253120 0.3809783641
0.0001747402 1174.5362471785 0.3809783641
0.0001782702 1197.0478785475 0.3809783641
0.0001818715 1219.9898318633 0.3809783641
0.0001855456 1243.3702609382 0.3809783641
0.0001892938 1267.1974704761 0.3809783641
0.0001931178 1291.4799145705 0.3809783641
0.0001970190 1316.2262157344 0.3809783641
0.0002009991 1341.4451412011 0.3809783641
0.0002050596 1367.1456300995 0.3809783641
0.0002092020 1393.3367722759 0.3809783641
0.0002134282 1420.0278259588 0.3809783641
0.0002177398 1447.2282342915 0.3809783641
0.0002221384 1474.9475919504 0.3809783641
0.0002266259 1503.1956754671 0.3809783641
0.0002312040 1531.9824306024 0.3809783641
0.0002358747 1561.3179853259 0.3809783641
0.0002406396 1591.2126568802 0.3809783641
0.0002455009 1621.6769370363 0.3809783641
0.0002504603 1652.7215134897 0.3809783641
0.0002555199 1684.3572479218 0.3809783641
0.0002606818 1716.5952134330 0.3809783641
0.0002659479 1749.4466825409 0.3809783641
0.0002713204 1782.9231104267 0.3809783641
0.0002768014 1817.0361664138 0.3809783641
0.0002823932 1851.7977182536 0.3809783641
0.0002880979 1887.2198351472 0.3809783641
0.0002939179 1923.3148063447 0.3809783641
0.0002998555 1960.0951157777 0.3809783641
0.0003059129 1997.5734909741 0.3809783641
0.0003120928 2035.7628541787 0.3809783641
0.0003183975 2074.6763475270 0.3809783641
0.0003248295 2114.3273512379 0.3809783641
0.0003313915 2154.7294628943 0.3809783641
0.0003380860 2195.8965082172 0.3809783641
0.0003449158 2237.8425472472 0.3809783641
0.0003518836 2280.5818796904 0.3809783641
0.0003589921 2324.1290284642 0.3809783641
0.0003662442 2368.4987612360 0.3809783641
0.0003736428 2413.7060901281 0.3809783641
0.0003811909 2459.7662735813 0.3809783641
0.0003888915 2506.6948047368 0.3809783641
0.0003967476 2554.5074339184 0.3809783641
0.0004047624 2603.2201564259 0.3809783641
0.0004129393 2652.8492282892 0.3809783641
0.0004212813 2703.4111333756 0.3809783641
0.0004297917 2754.9226474652 0.3809783641
0.0004384741 2807.4008074977 0.3809783641
0.0004473318 2860.8628863067 0.3809783641
0.0004563685 2915.3264525933 0.3809783641
0.0004655877 2970.8093017246 0.3809783641
0.0004749932 3027.3295117483 0.3809783641
0.0004845887 3084.9054247889 0.3809783641
0.0004943780 3143.5556579095 0.3809783641
0.0005043651 3203.2990909526 0.3809783641
0.0005145540 3264.1548888972 0.3809783641
0.0005249487 3326.1424912930 0.3809783641
0.0005355533 3389.2815805158 0.3809783641
0.0005463722 3453.5921233908 0.3809783641
0.0005574097 3519.0943890020 0.3809783641
0.0005686701 3585.8089006048 0.3809783641
0.0005801580 3653.7564834836 0.3809783641
0.0005918779 3722.9581682364 0.3809783641
0.0006038346 3793.4353646292 0.3809783641
0.0006160329 3865.2096788031 0.3809783641
0.0006284775 3938.3030167147 0.3809783641
0.0006411736 4012.7375504254 0.3809783641
0.0006541262 4088.5357435487 0.3809783641
0.0006673404 4165.7202930986 0.3809783641
0.0006808215 4244.3142329002 0.3809783641
0.0006945754 4324.3407641905 0.3809783641
0.0007086067 4405.8234272372 0.3809783641
0.0007229215 4488.7860050035 0.3809783641
0.0007375255 4573.2525544517 0.3809783641
0.0007524244 4659.2473789463 0.3809783641
0.0007676244 4746.7950405363 0.3809783641
0.0007831315 4835.9203222072 0.3809783641
0.0007989518 4926.6482321793 0.3809783641
0.0008150917 5019.0040746024 0.3809783641
0.0008315576 5113.0132952599 0.3809783641
0.0008483562 5208.7016348450 0.3809783641
0.0008654941 5306.0950429283 0.3809783641
0.0008829782 5405.2196474357 0.3809783641
0.0009008155 5506.1018082672 0.3809783641
0.0009190132 5608.7680574934 0.3809783641
0.0009375784 5713.2450726941 0.3809783641
0.0009565187 5819.5597728509 0.3809783641
0.0009758417 5927.7391677711 0.3809783641
0.0009955550 6037.8104756925 0.3809783641
0.0010156665 6149.8010504412 0.3809783641
0.0010361844 6263.7383274742 0.3809783641
0.0010571165 6379.6498957710 0.3809783641
0.0010784718 6497.5634285814 0.3809783641
0.0011002583 6617.5066778863 0.3809783641
0.0011224849 6739.5074694560 0.3809783641
0.0011451612 6863.5937545048 0.3809783641
0.0011682949 6989.7933844852 0.3809783641
0.0011918960 7118.1342807863 0.3809783641
0.0012159740 7248.6443911466 0.3809783641
0.0012405382 7381.3516328680 0.3809783641
0.0012655987 7516.2838968553 0.3809783641
0.0012911655 7653.4689780941 0.3809783641
0.0013172487 7792.9346173080 0.3809783641
0.0013438589 7934.7084153161 0.3809783641
0.0013710066 8078.8178328786 0.3809783641
0.0013987029 8225.2902612502 0.3809783641
0.0014269585 8374.1528270528 0.3809783641
0.0014557848 8525.4324638807 0.3809783641
0.0014851936 8679.1502626487 0.3809783641
0.0015151965 8835.3385481208 0.3809783641
0.0015458055 8994.0234229303 0.3809783641
0.0015770328 9155.2307536618 0.3809783641
0.0016088908 9318.9860254223 0.3809783641
0.0016413926 9485.3142862239 0.3809783641
0.0016745509 9654.2401437420 0.3809783641
0.0017083790 9825.7877683980 0.3809783641
0.0017428907 9999.9808229576 0.3809783641
0.0017780993 10176.8424043735 0.3809783641
0.0018140193 10356.3949843656 0.3809783641
0.0018506648 10538.6604476040 0.3809783641
0.0018880507 10723.6599690048 0.3809783641
0.0019261928 10911.4168201977 0.3809783641
0.0019651044 11101.9478738824 0.3809783641
0.0020048020 11295.2720500139 0.3809783641
0.0020453017 11491.4073442167 0.3809783641
0.0020866196 11690.3707773337 0.3809783641
0.0021287720 11892.1784833869 0.3809783641
0.0021717760 12096.8454907924 0.3809783641
0.0022156488 12304.3857822437 0.3809783641
0.0022604079 12514.8121796689 0.3809783641
0.0023060711 12728.1362442268 0.3809783641
0.0023526568 12944.3671593015 0.3809783641
0.0024001836 13163.5151642270 0.3809783641
0.0024486703 13385.5878307683 0.3809783641
0.0024981368 13610.5914012677 0.3809783641
0.0025486024 13838.5304630863 0.3809783641
0.0026000876 14069.4081907692 0.3809783641
0.0026526127 14303.2260423719 0.3809783641
0.0027061990 14539.9837398728 0.3809783641
0.0027608678 14779.6797276466 0.3809783641
0.0028166410 15022.3096832058 0.3809783641
0.0028735411 15267.8678073434 0.3809783641
0.0029315902 15516.3462698407 0.3809783641
0.0029908123 15767.7351997791 0.3809783641
0.0030512305 16022.0225520072 0.3809783641
0.0031128693 16279.1939240650 0.3809783641
0.0031757534 16539.2326348728 0.3809783641
0.0032399094 16802.1196319785 0.3809783641
0.0033053600 17067.8332465695 0.3809783641
0.0033721325 17336.3493536432 0.3809783641
0.0034402539 17607.6408492666 0.3809783641
0.0035097520 17881.6781010287 0.3809783641
0.0035806533 18158.4284228287 0.3809783641
0.0036529873 18437.8562090281 0.3809783641
0.0037267825 18719.9227469883 0.3809783641
0.0038020683 19004.5860675565 0.3809783641
0.0038788749 19291.8010145868 0.3809783641
0.0039572334 19581.5189901407 0.3809783641
0.0040371749 19873.6880843805 0.3809783641
0.0041187312 20168.2527317257 0.3809783641
0.0042019351 20465.1537793082 0.3809783641
0.0042868196 20764.3281898550 0.3809783641
0.0043734191 21065.7089272117 0.3809783641
0.0044617681 21369.2252047503 0.3809783641
0.0045519015 21674.8018223349 0.3809783641
0.0046438561 21982.3594267980 0.3809783641
0.0047376682 22291.8141946048 0.3809783641
0.0048333751 22603.0778845130 0.3809783641
0.0049310154 22916.0574030891 0.3809783641
0.0050306288 23230.6552417583 0.3809783641
0.0051322542 23546.7684408737 0.3809783641
0.0052359323 23864.2895041262 0.3809783641
0.0053417077 24183.1055453451 0.3809783641
0.0054496173 24503.0981698029 0.3809783641
0.0055597061 24824.1435868942 0.3809783641
0.0056720199 25146.1124079857 0.3809783641
0.0057866024 25468.8693829810 0.3809783641
0.0059034997 25792.2731805857 0.3809783641
0.0060227579 26116.1767734199 0.3809783641
0.0061444254 26440.4265866868 0.3809783641
0.0062685506 26764.8627794509 0.3809783641
0.0063951840 27089.3186866239 0.3809783641
0.0065243752 27412.4026379488 0.3809783641
0.0066561764 27735.1789597411 0.3809783641
0.0067906398 28057.4647808895 0.3809783641
0.0069278199 28379.0703509849 0.3809783641
0.0070677707 28699.7988049709 0.3809783641
0.0072105490 29019.4457284997 0.3809783641
0.0073562115 29337.7990052772 0.3809783641
0.0075048171 29654.6389117913 0.3809783641
0.0076564243 29969.7376433393 0.3809783641
0.0078110942 30282.8592300366 0.3809783641
0.0079688886 30593.7593214252 0.3809783641
0.0081298705 30902.1849110806 0.3809783641
0.0082941046 31209.0725929163 0.3809783641
0.0084616570 31512.9027896839 0.3809783641
0.0086325929 31813.3901417270 0.3809783641
0.0088069830 32110.2398517716 0.3809783641
0.0089849001 32403.1468571599 0.3809783641
0.0091664065 32691.7960283756 0.3809783641
0.0093515804 32975.8616057554 0.3809783641
0.0095404945 33255.0072358279 0.3809783641
0.0097332252 33528.8858418641 0.3809783641
0.0099298488 33797.1396022066 0.3809783641
0.0101304455 34058.4980650969 0.3809783641
0.0103350934 34313.5374075970 0.3809783641
0.0105438754 34561.8695407862 0.3809783641
0.0107568763 34803.0958540298 0.3809783641
0.0109741800 35036.8057228011 0.3809783641
0.0111958720 35262.6032535831 0.3809783641
0.0114220437 35480.0335207133 0.3809783641
0.0116527844 35688.6536904263 0.3809783641
0.0118881864 35888.0098298881 0.3809783641
0.0121283429 36077.6374501722 0.3809783641
0.0123733515 36257.0636232755 0.3809783641
0.0126233092 36425.8056835010 0.3809783641
0.0128783165 36583.3664476071 0.3809783641
0.0131384749 36729.2565649977 0.3809783641
0.0134038907 36862.9749903232 0.3809783641
0.0136746671 36984.0164879502 0.3809783641
0.0139509123 37091.8738626057 0.3809783641
0.0142327398 37186.0398322798 0.3809783641
0.0145202605 37266.0047876962 0.3809783641
0.0148135945 37331.2846599139 0.3809783641
0.0151128490 37381.3980172952 0.3809783641
0.0154181495 37415.8772458259 0.3809783641
0.0157296155 37434.2737250074 0.3809783641
0.0160473678 37436.1607081919 0.3809783641
0.0163715538 37421.1401950310 0.3809783641
0.0167022720 37388.8479520376 0.3809783641
0.0170396883 37338.9598580145 0.3809783641
0.0173839051 37271.1990046886 0.3809783641
0.0177350901 37185.3470039285 0.3809783641
0.0180933550 37081.2367943710 0.3809783641
0.0184588730 36958.7700459926 0.3809783641
0.0188317560 36817.9168772707 0.3809783641
0.0192121938 36658.7232661853 0.3809783641
0.0196003132 36481.3179332356 0.3809783641
0.0199962575 36285.9174638925 0.3809783641
0.0204002168 36072.8378502418 0.3809783641
0.0208123177 35842.4946882743 0.3809783641
0.0212327633 35595.4074989510 0.3809783641
0.0216616839 35332.1884456929 0.3809783641
0.0220992900 35053.1465300370 0.3809783641
0.0225457139 34759.4600434487 0.3809783641
0.0230011772 34452.0047927027 0.3809783641
0.0234658197 34131.7197451536 0.3809783641
0.0239398722 33799.6005593016 0.3809783641
0.0244234782 33456.6933375237 0.3809783641
0.0249168761 33104.0924888166 0.3809783641
0.0254202187 32742.9292255407 0.3809783641
0.0259337537 32374.3550285078 0.3809783641
0.0264576357 31999.5166130535 0.3809783641
0.0269921292 31619.5353659751 0.3809783641
0.0275373906 31235.4914764655 0.3809783641
0.0280936956 30848.4120645369 0.3809783641
0.0286612120 30459.2645221132 0.3809783641
0.0292402208 30068.9457122649 0.3809783641
0.0298308972 29678.2569365075 0.3809783641
0.0304335356 29287.8740947089 0.3809783641
0.0310483202 28898.3268752792 0.3809783641
0.0316755511 28509.9960762779 0.3809783641
0.0323154554 28123.1140227242 0.3809783641
0.0329682529 27737.7736058710 0.3809783641
0.0336342715 27353.9291924622 0.3809783641
0.0343137123 26971.3975709579 0.3809783641
0.0350069106 26589.8606731065 0.3809783641
0.0357140787 26208.8704802512 0.3809783641
0.0364355668 25827.8718194231 0.3809783641
0.0371715985 25446.2351004684 0.3809783641
0.0379225314 25063.3059916213 0.3809783641
0.0386885963 24678.4523633901 0.3809783641
0.0394701771 24291.1093967889 0.3809783641
0.0402675085 23900.8221216678 0.3809783641
0.0410809852 23507.2870517170 0.3809783641
0.0419108532 23110.3924454761 0.3809783641
0.0427575298 22710.2503218104 0.3809783641
0.0436212681 22307.2091903860 0.3809783641
0.0445024930 21901.8540142728 0.3809783641
0.0454014838 21494.9928433946 0.3809783641
0.0463186763 21087.6341424681 0.3809783641
0.0472543500 20680.9367202833 0.3809783641
0.0482089706 20276.1393998052 0.3809783641
0.0491828360 19875.4673041083 0.3809783641
0.0501764193 19479.2637933044 0.3809783641
0.0511900224 19088.6346000219 0.3809783641
0.0522241518 18704.4979496718 0.3809783641
0.0532791801 18327.5315852242 0.3809783641
0.0543554612 17958.1501901587 0.3809783641
0.0554535389 17596.4616704719 0.3809783641
0.0565737449 17242.2336034590 0.3809783641
0.0577166378 16894.9330628365 0.3809783641
0.0588825643 16553.7829360975 0.3809783641
0.0600720979 16217.8207701373 0.3809783641
0.0612856038 15885.9932874266 0.3809783641
0.0625236779 15556.6096981541 0.3809783641
0.0637867153 15229.3729271106 0.3809783641
0.0650753230 14903.6475754228 0.3809783641
0.0663898960 14579.1296259732 0.3809783641
0.0677310899 14255.8734092838 0.3809783641
0.0690993145 13934.2702500572 0.3809783641
0.0704952478 13615.0051682786 0.3809783641
0.0719193146 13298.9713508385 0.3809783641
0.0733722150 12987.1151198161 0.3809783641
0.0748543888 12680.3136796146 0.3809783641
0.0763665810 12379.6267192674 0.3809783641
0.0779092535 12085.1286986266 0.3809783641
0.0794831589 11796.8873317478 0.3809783641
0.0810887888 11514.6045841286 0.3809783641
0.0827269256 11237.6867101515 0.3809783641
0.0843980759 10965.3384763849 0.3809783641
0.0861030743 10696.7054393213 0.3809783641
0.0878424197 10431.0388818525 0.3809783641
0.0896169990 10167.8351021407 0.3809783641
0.0914274231 9906.9244769916 0.3809783641
0.0932743400 9648.4767849498 0.3809783641
0.0951586515 9392.9400331694 0.3809783641
0.0970809311 9140.9279277020 0.3809783641
0.0990421399 8893.0512179957 0.3809783641
0.1010428742 8649.7791246736 0.3809783641
0.1030841246 8411.3424350461 0.3809783641
0.1051665172 8177.6846150540 0.3809783641
0.1072910652 7948.5035479551 0.3809783641
0.1094584391 7723.3609053947 0.3809783641
0.1116696969 7501.8183922442 0.3809783641
0.1139255166 7283.5852354954 0.3809783641
0.1162270084 7068.6061260729 0.3809783641
0.1185748950 6857.0583469024 0.3809783641
0.1209703311 6649.2894807575 0.3809783641
0.1234140247 6445.6874571979 0.3809783641
0.1259072125 6246.5570645419 0.3809783641
0.1284506470 6052.0362062373 0.3809783641
0.1310455799 5862.0792170832 0.3809783641
0.1336928159 5676.5198410216 0.3809783641
0.1363936514 5495.1684925798 0.3809783641
0.1391489208 5317.9153091820 0.3809783641
0.1419599801 5144.7824192619 0.3809783641
0.1448276788 4975.9063129689 0.3809783641
0.1477534622 4811.4703305433 0.3809783641
0.1507383436 4651.6154209399 0.3809783641
0.1537833810 4496.3807316021 0.3809783641
0.1568900943 4345.6991804348 0.3809783641
0.1600593925 4199.4448277191 0.3809783641
0.1632928848 4057.5006134843 0.3809783641
0.1665915400 3919.8520882660 0.3809783641
0.1699569970 3786.4463668920 0.3809783641
0.1733902693 3657.2832347905 0.3809783641
0.1768930703 3532.3295998249 0.3809783641
0.1804664433 3411.4935514302 0.3809783641
0.1841122061 3294.6391970530 0.3809783641
0.1878314167 3181.6181497712 0.3809783641
0.1916259527 3072.3010771723 0.3809783641
0.1954969466 2966.5806836920 0.3809783641
0.1994463503 2864.3517291655 0.3809783641
0.2034753263 2765.4896366425 0.3809783641
0.2075859159 2669.8479345564 0.3809783641
0.2117793113 2577.2703862495 0.3809783641
0.2160576284 2487.6093431346 0.3809783641
0.2204221785 2400.7314045843 0.3809783641
0.2248750925 2316.5119477252 0.3809783641
0.2294177711 2234.8261367313 0.3809783641
0.2340524197 2155.5505295363 0.3809783641
0.2387804687 2078.5713631402 0.3809783641
0.2436042875 2003.7910136797 0.3809783641
0.2485255301 1931.1271893278 0.3809783641
0.2535459399 1860.5095514378 0.3809783641
0.2586680055 1791.8775830835 0.3809783641
0.2638933361 1725.1832315590 0.3809783641
0.2692244649 1660.3946032637 0.3809783641
0.2746630013 1597.4939019176 0.3809783641
0.2802117169 1536.4741453051 0.3809783641
0.2858722210 1477.3357306278 0.3809783641
0.2916473746 1420.0842582465 0.3809783641
0.2975388765 1364.7281985968 0.3809783641
0.3035497069 1311.2751150100 0.3809783641
0.3096816540 1259.7281786153 0.3809783641
0.3159377873 1210.0839147160 0.3809783641
0.3223199844 1162.3290695627 0.3809783641
0.3288314342 1116.4394333704 0.3809783641
0.3354741037 1072.3779748184 0.3809783641
0.3422513008 1030.0951169732 0.3809783641
0.3491650522 989.5285377210 0.3809783641
0.3562188148 950.6049901203 0.3809783641
0.3634147346 913.2426452981 0.3809783641
0.3707563579 877.3541738446 0.3809783641
0.3782459497 842.8487485464 0.3809783641
0.3858872056 809.6354313168 0.3809783641
0.3936824799 777.6270680067 0.3809783641
0.4016355574 746.7436055700 0.3809783641
0.4097489119 716.9138556225 0.3809783641
0.4180265963 688.0788126325 0.3809783641
0.4264715016 660.1938775269 0.3809783641
0.4350865781 633.2287930149 0.3809783641
0.4438761175 607.1662663095 0.3809783641
0.4528427422 582.0003572237 0.3809783641
0.4619910121 557.7334796278 0.3809783641
0.4713236094 534.3720449170 0.3809783641
0.4808451831 511.9223045314 0.3809783641
0.4905586839 490.3853210760 0.3809783641
0.5004688501 469.7535836818 0.3809783641
0.5105787516 450.0091410032 0.3809783641
0.5208933353 431.1232398470 0.3809783641
0.5314158201 413.0566663694 0.3809783641
0.5421513915 395.7617117867 0.3809783641
0.5531033278 379.1864095541 0.3809783641
0.5642769933 363.2781711362 0.3809783641
0.5756758451 347.9873427857 0.3809783641
0.5873055458 333.2710911975 0.3809783641
0.5991696119 319.0958053162 0.3809783641
0.6112739444 305.4388576742 0.3809783641
0.6236221194 292.2875763782 0.3809783641
0.6362204552 279.6374180128 0.3809783641
0.6490726471 267.4885166996 0.3809783641
0.6621850729 255.8413889268 0.3809783641
0.6755617261 244.6929633628 0.3809783641
0.6892093420 234.0337008182 0.3809783641
0.7031325698 223.8466011434 0.3809783641
0.7173364758 214.1079506959 0.3809783641
0.7318279147 204.7893996166 0.3809783641
0.7466114759 195.8614561579 0.3809783641
0.7616943717 187.2969197713 0.3809783641
0.7770812511 179.0734304937 0.3809783641
0.7927797437 171.1752187862 0.3809783641
0.8087944984 163.5928372894 0.3809783641
0.8251336217 156.3213170395 0.3809783641
0.8418020010 149.3574891922 0.3809783641
0.8588079810 142.6968236220 0.3809783641
0.8761565685 136.3312101245 0.3809783641
0.8938565254 130.2484877779 0.3809783641
0.9119131565 124.4331472302 0.3809783641
0.9303354025 118.8685473912 0.3809783641
0.9491290450 113.5392357224 0.3809783641
0.9683031440 108.4327675858 0.3809783641
0.9878636599 103.5403606290 0.3809783641
1.0078202486 98.8560888966 0.3809783641
1.0281790495 94.3752783807 0.3809783641
1.0489501953 90.0926060521 0.3809783641
1.0701397657 86.0009349401 0.3809783641
1.0917586088 82.0912981377 0.3809783641
1.1138130426 78.3538017892 0.3809783641
1.1363140345 74.7790524843 0.3809783641
1.1592696905 71.3592185897 0.3809783641
1.1826878786 68.0882840848 0.3809783641
1.2065802813 64.9614200220 0.3809783641
1.2309542894 61.9739413675 0.3809783641
1.2558217049 59.1205118115 0.3809783641
1.2811903954 56.3950306897 0.3809783641
1.3070727587 53.7911483279 0.3809783641
1.3334767818 51.3029354743 0.3809783641
1.3604153395 48.9253447007 0.3809783641
1.3878967762 46.6540608680 0.3809783641
1.4159349203 44.4850805356 0.3809783641
1.4445379972 42.4142327996 0.3809783641
1.4737203121 40.4371005340 0.3809783641
1.5034906864 38.5492804552 0.3809783641
1.5338637829 36.7467080788 0.3809783641
1.5648492575 35.0257343177 0.3809783641
1.5964618921 33.3830044887 0.3809783641
1.6287118196 31.8152163574 0.3809783641
1.6616147757 30.3190440094 0.3809783641
1.6951807737 28.8912149906 0.3809783641
1.7294265032 27.5286653398 0.3809783641
1.7643623352 26.2285552818 0.3809783641
1.8000056744 24.9881875494 0.3809783641
1.8363672495 23.8049277954 0.3809783641
1.8734651804 22.6762097562 0.3809783641
1.9113107920 21.5995773083 0.3809783641
1.9499226809 20.5727025459 0.3809783641
1.9893145561 19.5933639366 0.3809783641
2.0295004845 18.6594347831 0.3809783641
2.0705001354 17.7688794106 0.3809783641
2.1123259068 16.9197494948 0.3809783641
2.1549985409 16.1101805268 0.3809783641
2.1985313892 15.3383884086 0.3809783641
2.2429456711 14.6026661778 0.3809783641
2.2882549763 13.9013808537 0.3809783641
2.3344821930 13.2329704043 0.3809783641
2.3816404343 12.5959408269 0.3809783641
2.4297537804 11.9888633412 0.3809783641
2.4788370132 11.4103716892 0.3809783641
2.5289139748 10.8591595395 0.3809783641
2.5800001621 10.3339779909 0.3809783641
2.6321208477 9.8336331738 0.3809783641
2.6852917671 9.3569839448 0.3809783641
2.7395396233 8.9029396704 0.3809783641
2.7948803902 8.4704580995 0.3809783641
2.8513422012 8.0585433179 0.3809783641
2.9089415073 7.6662437847 0.3809783641
2.9677073956 7.2926504467 0.3809783641
3.0276577473 6.9368949277 0.3809783641
3.0888218880 6.5981477897 0.3809783641
3.1512188911 6.2756168652 0.3809783641
3.2148787975 5.9685456554 0.3809783641
3.2798254490 5.6762117937 0.3809783641
3.3460807800 5.3979255720 0.3809783641
3.4136774540 5.1330285261 0.3809783641
3.4826366901 4.8808920793 0.3809783641
3.5529923439 4.6409162422 0.3809783641
3.6247656345 4.4125283647 0.3809783641
3.6979923248 4.1951819408 0.3809783641
3.7726948261 3.9883554620 0.3809783641
3.8489100933 3.7915513188 0.3809783641
3.9266612530 3.6042947477 0.3809783641
4.0059866905 3.4261328223 0.3809783641
4.0869112015 3.2566334869 0.3809783641
4.1694741249 3.0953846303 0.3809783641
4.2537012100 2.9419931992 0.3809783641
4.3396334648 2.7960843487 0.3809783641
4.4272975922 2.6573006289 0.3809783641
4.5167374611 2.5253012064 0.3809783641
4.6079788208 2.3997611186 0.3809783641
4.7010684013 2.2803705605 0.3809783641
4.7960338593 2.1668342013 0.3809783641
4.8929228783 2.0588705312 0.3809783641
4.9917640686 1.9562112360 0.3809783641
5.0926065445 1.8586005987 0.3809783641
