#  k [h/Mpc]          Pk/s8^2 [Mpc/h]^3          s8
5.3832945923204525e-6	40.023301040456	0.3846254848089478
5.492044692800844e-6	40.79917464685018	0.3846254848089478
5.602991222986015e-6	41.59008762215659	0.3846254848089478
5.71617920286372e-6	42.39632772596544	0.3846254848089478
5.831653652421664e-6	43.21820055106057	0.3846254848089478
5.949460501142307e-6	44.056007980417085	0.3846254848089478
6.069647952244846e-6	44.910050486145764	0.3846254848089478
6.192262844706423e-6	45.78065621215614	0.3846254848089478
6.3173547459882735e-6	46.66813183589953	0.3846254848089478
6.4449741330463515e-6	47.572813055271816	0.3846254848089478
6.575171028089249e-6	48.49503579769761	0.3846254848089478
6.707998181809679e-6	49.435135414415	0.3846254848089478
6.8435087996476796e-6	50.39346113249943	0.3846254848089478
6.981756541790679e-6	51.37036135633758	0.3846254848089478
7.122797342162812e-6	52.36620264541687	0.3846254848089478
7.2666875894355986e-6	53.38134432966525	0.3846254848089478
7.413485036522603e-6	54.416165491216674	0.3846254848089478
7.5632465268427074e-6	55.471045283688184	0.3846254848089478
7.716034815530298e-6	56.54638556931145	0.3846254848089478
7.871908564993646e-6	57.64255218656637	0.3846254848089478
8.030931894609227e-6	58.759980999920856	0.3846254848089478
8.193167559511487e-6	59.89908157627728	0.3846254848089478
8.358680133824245e-6	61.06023102640365	0.3846254848089478
8.527536920155397e-6	62.24391081494946	0.3846254848089478
8.699804311618209e-6	63.4505389364566	0.3846254848089478
8.875552339304699e-6	64.68056309902096	0.3846254848089478
9.054850124812226e-6	65.93442068416208	0.3846254848089478
9.237770427716884e-6	67.21258420290577	0.3846254848089478
9.42438600759488e-6	68.51553905459839	0.3846254848089478
9.614770533517013e-6	69.84373564135376	0.3846254848089478
9.809003131522333e-6	71.1976907893034	0.3846254848089478
0.000010007157470681691	72.57789282041215	0.3846254848089478
0.000010209315405518282	73.98484413505781	0.3846254848089478
0.000010415557881060505	75.41907165582741	0.3846254848089478
0.000010625965842336889	76.88110811694742	0.3846254848089478
0.000010840623872354637	78.37148373865298	0.3846254848089478
0.000011059620192099837	79.89075368334683	0.3846254848089478
0.000011283037565590357	81.4394386058504	0.3846254848089478
0.00001151097148976987	83.01818678174627	0.3846254848089478
0.000011743507457140366	84.62752179018258	0.3846254848089478
0.000011980741874140228	86.26805722996504	0.3846254848089478
0.000012222769328218419	87.94040392817465	0.3846254848089478
0.000012469685316318665	89.6451587214186	0.3846254848089478
0.000012721589882858103	91.38297346415713	0.3846254848089478
0.000012978583072253965	93.1544538429253	0.3846254848089478
0.00001324076765740755	94.9602725887243	0.3846254848089478
0.00001350824913970427	96.80111605498892	0.3846254848089478
0.000013781134839518936	98.6776646620682	0.3846254848089478
0.000014059531167731634	100.59056576572199	0.3846254848089478
0.000014343552720674764	102.54054328356874	0.3846254848089478
0.000014633312275691415	104.52832937524249	0.3846254848089478
0.000014928924429113989	106.55463227435915	0.3846254848089478
0.000015230508324748354	108.62022909288036	0.3846254848089478
0.000015538184015895237	110.72586306785264	0.3846254848089478
0.000015852077922318134	112.87232108201916	0.3846254848089478
0.00001617231100681238	115.06040394087879	0.3846254848089478
0.00001649901241762563	117.29087785529119	0.3846254848089478
0.000016832314940984378	119.56458506749142	0.3846254848089478
0.000017172349544125592	121.88234696445596	0.3846254848089478
0.00001751925447024406	124.24509448113164	0.3846254848089478
0.000017873167962534357	126.65364066907289	0.3846254848089478
0.00001823423008318059	129.10881839155545	0.3846254848089478
0.00001860258453234565	131.61161422752187	0.3846254848089478
0.00001897838228615001	134.16295926015894	0.3846254848089478
0.000019361770682735372	136.76372712755716	0.3846254848089478
0.00001975290433620106	139.4149181690925	0.3846254848089478
0.000020151937860646305	142.1174792677025	0.3846254848089478
0.000020559036784106862	144.8724820541578	0.3846254848089478
0.000020974357539671456	147.68085800436896	0.3846254848089478
0.00002139806747436524	150.54367302244177	0.3846254848089478
0.00002183033575420271	153.46198560109676	0.3846254848089478
0.000022271337002166554	156.43685755968977	0.3846254848089478
0.00002272124766022901	159.46936443870658	0.3846254848089478
0.000023180249627330337	162.56071071808887	0.3846254848089478
0.000023648521164432168	165.71194888088706	0.3846254848089478
0.000024126253265421855	168.92429923862068	0.3846254848089478
0.000024613633286207908	172.1988868484146	0.3846254848089478
0.000025110863134614195	175.53698260558718	0.3846254848089478
0.000025618135623517467	178.93976260141147	0.3846254848089478
0.00002613565629872031	182.40847254850453	0.3846254848089478
0.000026663634344004078	185.94447769905364	0.3846254848089478
0.000027202273486182104	189.54897815190944	0.3846254848089478
0.000027751795641961548	193.2233736655561	0.3846254848089478
0.000028312419090070806	196.9689938556043	0.3846254848089478
0.000028884367566206482	200.78716825117894	0.3846254848089478
0.000029467868444044133	204.67940160850378	0.3846254848089478
0.000030063161830184968	208.64706549052002	0.3846254848089478
0.000030670478736283224	212.69163189239362	0.3846254848089478
0.000031290062906919034	216.81464269996977	0.3846254848089478
0.000031922165362630026	221.01751855380132	0.3846254848089478
0.000032567033485975116	225.30180481267288	0.3846254848089478
0.000033224929211428355	229.66918278450675	0.3846254848089478
0.000033896121749421555	234.12126626255218	0.3846254848089478
0.00003458086939644997	238.65963948779995	0.3846254848089478
0.00003527944863890294	243.28593586587394	0.3846254848089478
0.0000359921396011487	248.00187641839193	0.3846254848089478
0.00003671922968351278	252.80925072959425	0.3846254848089478
0.000037461006286321215	257.7097981969263	0.3846254848089478
0.00003821776408585719	262.70532498455805	0.3846254848089478
0.00003898981958627702	267.7977145808564	0.3846254848089478
0.00003977746746386408	272.988741748662	0.3846254848089478
0.000040581024222774465	278.2804127286483	0.3846254848089478
0.000041400813643122085	283.6746197502672	0.3846254848089478
0.00004223716314299965	289.1733619943334	0.3846254848089478
0.00004309041105443616	294.77872298541706	0.3846254848089478
0.00004396089570946057	300.4927248496598	0.3846254848089478
0.00004484896271605977	306.31741826265693	0.3846254848089478
0.000045754968596156605	312.2550028546103	0.3846254848089478
0.00004667929169954734	318.3077752569228	0.3846254848089478
0.00004762227399623955	324.4776911204152	0.3846254848089478
0.000048584304749965735	330.767239199568	0.3846254848089478
0.00004956577686243698	337.17867827981974	0.3846254848089478
0.000050567068683449145	343.7143818507416	0.3846254848089478
0.00005158859130460773	350.3767804647577	0.3846254848089478
0.00005263074854156009	357.1681643049062	0.3846254848089478
0.000053693958761869	364.0911938059068	0.3846254848089478
0.00005477865124703387	371.14844903790885	0.3846254848089478
0.00005588524800259622	378.34236535509626	0.3846254848089478
0.00005701420377590698	385.67577897515207	0.3846254848089478
0.00005816596967633813	393.1512431116506	0.3846254848089478
0.0000593409968132619	400.77154547384254	0.3846254848089478
0.00006053977995179594	408.53960624693985	0.3846254848089478
0.00006176275928737601	416.45803822226725	0.3846254848089478
0.00006301045505097132	424.5300459464023	0.3846254848089478
0.00006428334745578468	432.7583667374264	0.3846254848089478
0.00006558195309480648	441.1460569097063	0.3846254848089478
0.00006690679583698507	449.69629350017516	0.3846254848089478
0.00006825839955126868	458.41216128392676	0.3846254848089478
0.0000696373099344782	467.2969756184481	0.3846254848089478
0.00007104407268343497	476.35379972123053	0.3846254848089478
0.00007247926259879031	485.5862215034821	0.3846254848089478
0.00007394343992928044	494.997447926734	0.3846254848089478
0.00007543719402747222	504.5908537479476	0.3846254848089478
0.00007696112152189019	514.3702945483604	0.3846254848089478
0.00007851585542084646	524.3391990221184	0.3846254848089478
0.00008010198507690791	534.5010421116095	0.3846254848089478
0.00008172015077434479	544.8598141790222	0.3846254848089478
0.00008337100734934218	555.4191522412888	0.3846254848089478
0.00008505520963808526	566.182906978725	0.3846254848089478
0.00008677344158058991	577.1552054308358	0.3846254848089478
0.00008852637256495652	588.3401179531205	0.3846254848089478
0.00009031472291098898	599.7414816455831	0.3846254848089478
0.00009213919838657605	611.3636443225208	0.3846254848089478
0.0000940005265874789	623.2109010491513	0.3846254848089478
0.00009589947148924698	635.2876561794234	0.3846254848089478
0.0000978367679635995	647.5980933441582	0.3846254848089478
0.00009981319453800107	660.1469056765599	0.3846254848089478
0.00010182957339566193	672.9389230064161	0.3846254848089478
0.00010388666851213194	685.9783086888024	0.3846254848089478
0.00010598531662253655	699.2701881901572	0.3846254848089478
0.0001081263617379591	712.8193728292432	0.3846254848089478
0.00011031066242139786	726.6307906382336	0.3846254848089478
0.00011253908451180906	740.7094980620553	0.3846254848089478
0.0001148125156760216	755.0607496817929	0.3846254848089478
0.0001171318799606524	769.6896586466079	0.3846254848089478
0.00011949810141231852	784.601704606859	0.3846254848089478
0.00012191212590550998	799.802274419354	0.3846254848089478
0.00012437491386663152	815.2970744354328	0.3846254848089478
0.00012688744754996156	831.0914041364338	0.3846254848089478
0.00012945073831360782	847.1912635541116	0.3846254848089478
0.00013206583389546725	863.6029860546917	0.3846254848089478
0.00013473375292960557	880.3318678281842	0.3846254848089478
0.0001374555577058346	897.3842199924411	0.3846254848089478
0.0001402323250658809	914.766202550379	0.3846254848089478
0.00014306521916296344	932.4846409159611	0.3846254848089478
0.00014595531683880836	950.5454781612989	0.3846254848089478
0.0001489037967985496	968.9554004939495	0.3846254848089478
0.00015191186685115085	987.721217089805	0.3846254848089478
0.0001549806765979156	1006.8497829883898	0.3846254848089478
0.00015811149205546807	1026.3479936512797	0.3846254848089478
0.00016130555013660323	1046.2229604157042	0.3846254848089478
0.00016456414596177638	1066.4818702411394	0.3846254848089478
0.00016788860375527314	1087.1324672357791	0.3846254848089478
0.00017128017498180262	1108.1817290463998	0.3846254848089478
0.00017474024207331235	1129.637380964913	0.3846254848089478
0.0001782702311174945	1151.5074608862108	0.3846254848089478
0.00018187153909821071	1173.7997924418985	0.3846254848089478
0.00018554557755123805	1196.522310653265	0.3846254848089478
0.000189293845323846	1219.683487919195	0.3846254848089478
0.00019311782671138658	1243.2913946099382	0.3846254848089478
0.0001970190496649595	1267.35466102898	0.3846254848089478
0.0002009991003433245	1291.8824444448205	0.3846254848089478
0.00020505955035332585	1316.8832767182978	0.3846254848089478
0.0002092020295094699	1342.3659119791912	0.3846254848089478
0.00021342818217817678	1368.3399455262988	0.3846254848089478
0.00021773976914118986	1394.8148439634515	0.3846254848089478
0.00022213840566109866	1421.7993159440043	0.3846254848089478
0.00022662588162347658	1449.303958502403	0.3846254848089478
0.00023120403056964278	1477.338230008189	0.3846254848089478
0.00023587465693708523	1505.9121893058727	0.3846254848089478
0.00024063963792286832	1535.0359574826641	0.3846254848089478
0.00024550087982788655	1564.7204415901092	0.3846254848089478
0.0002504603180568665	1594.976197857864	0.3846254848089478
0.00025551993167027804	1625.8130488293689	0.3846254848089478
0.00026068178704008444	1657.2433062938528	0.3846254848089478
0.00026594789233058707	1689.277525821594	0.3846254848089478
0.0002713204012252388	1721.92718077231	0.3846254848089478
0.0002768014383036642	1755.2038035032404	0.3846254848089478
0.00028239324456080816	1789.1199181663465	0.3846254848089478
0.00028809794457629323	1823.686132798993	0.3846254848089478
0.0002939179248642178	1858.9156072304413	0.3846254848089478
0.00029985545552335685	1894.8210768986248	0.3846254848089478
0.00030591292306780815	1931.4142031927026	0.3846254848089478
0.00031209277221932996	1968.7084281697785	0.3846254848089478
0.00031839747680351116	2006.716933687045	0.3846254848089478
0.00032482951064594074	2045.4529367473876	0.3846254848089478
0.0003313914930913598	2084.930052929401	0.3846254848089478
0.0003380860434845092	2125.161791254362	0.3846254848089478
0.00034491583937779064	2166.162970514883	0.3846254848089478
0.0003518835874274374	2207.9466154321713	0.3846254848089478
0.0003589921107050029	2250.528059832562	0.3846254848089478
0.00036624420317821194	2293.922278858376	0.3846254848089478
0.00037364283343777077	2338.1434700507243	0.3846254848089478
0.00038119088276289425	2383.207139448526	0.3846254848089478
0.0003888914943672718	2429.129341915569	0.3846254848089478
0.00039674757863394927	2475.9245674876047	0.3846254848089478
0.0004047623951919378	2523.609790817551	0.3846254848089478
0.00041293932008557016	2572.2023538541976	0.3846254848089478
0.00042128126369789226	2621.716258689971	0.3846254848089478
0.00042979168938472867	2672.1690242740315	0.3846254848089478
0.00043847406050190346	2723.5789144166733	0.3846254848089478
0.00044733184040524065	2775.962228106405	0.3846254848089478
0.0004563684924505651	2829.336177830807	0.3846254848089478
0.0004655877419281751	2883.7191638280033	0.3846254848089478
0.00047499322681687767	2939.1289639829165	0.3846254848089478
0.00048458873061463237	2995.584671182821	0.3846254848089478
0.0004943780368193983	3053.1040228436395	0.3846254848089478
0.0005043651326559483	3111.7067872016682	0.3846254848089478
0.0005145540344528854	3171.411828761778	0.3846254848089478
0.0005249487003311518	3232.238478386129	0.3846254848089478
0.0005355533212423326	3294.2062943693077	0.3846254848089478
0.0005463722045533356	3357.3350716448	0.3846254848089478
0.0005574096576310695	3421.6461451884593	0.3846254848089478
0.0005686701042577629	3487.1597603436876	0.3846254848089478
0.0005801579682156444	3553.8955365745833	0.3846254848089478
0.0005918779061175887	3621.8756844316126	0.3846254848089478
0.000603834632784128	3691.122145761254	0.3846254848089478
0.0006160328630357986	3761.6549336107423	0.3846254848089478
0.000628477544523776	3833.498017335797	0.3846254848089478
0.000641173624899238	3906.6725350218276	0.3846254848089478
0.0006541261682286859	3981.200497891598	0.3846254848089478
0.0006673403549939396	4057.1050950870713	0.3846254848089478
0.000680821540299803	4134.410572855461	0.3846254848089478
0.0006945753702893851	4213.139718578735	0.3846254848089478
0.0007086067344062027	4293.314958273305	0.3846254848089478
0.0007229215116240086	4374.9617038776805	0.3846254848089478
0.0007375255227088933	4458.101756135168	0.3846254848089478
0.0007524244138039651	4542.760077503335	0.3846254848089478
0.0007676244131289421	4628.963631825316	0.3846254848089478
0.0007831314578652384	4716.735225249672	0.3846254848089478
0.0007989517762325708	4806.099888278757	0.3846254848089478
0.0008150916546583177	4897.084695332647	0.3846254848089478
0.0008315575541928413	4989.714807103328	0.3846254848089478
0.0008483561687171459	5084.014245572159	0.3846254848089478
0.0008654940756969156	5180.010296786343	0.3846254848089478
0.0008829782018437978	5277.72991812231	0.3846254848089478
0.0009008154738694433	5377.197898806442	0.3846254848089478
0.0009190131677314636	5478.442571197885	0.3846254848089478
0.0009375784429721536	5581.490048761932	0.3846254848089478
0.0009565186919644477	5686.366756682907	0.3846254848089478
0.0009758416563272478	5793.1010000459755	0.3846254848089478
0.000995554961264134	5901.720994432916	0.3846254848089478
0.0010156665230169888	6012.25381803962	0.3846254848089478
0.0010361843742430204	6124.725951190052	0.3846254848089478
0.0010571165475994349	6239.165769537059	0.3846254848089478
0.0010784717742353684	6355.60181846122	0.3846254848089478
0.001100258319638669	6474.06140042997	0.3846254848089478
0.0011224849149584779	6594.57403333804	0.3846254848089478
0.0011451612226665024	6717.171427581755	0.3846254848089478
0.0011682949261739844	6841.873619712019	0.3846254848089478
0.0011918960371986032	6968.713546112311	0.3846254848089478
0.001215973985381425	7097.719865411769	0.3846254848089478
0.0012405382003635164	7228.920093509159	0.3846254848089478
0.0012655986938625568	7362.342690325125	0.3846254848089478
0.001291165477596223	7498.016597264048	0.3846254848089478
0.001317248679697514	7635.971371903383	0.3846254848089478
0.0013438588939607141	7776.23337813471	0.3846254848089478
0.0013710065977647896	7918.830178829307	0.3846254848089478
0.0013987028505653136	8063.792739514206	0.3846254848089478
0.001426958478987217	8211.146843219103	0.3846254848089478
0.001455784775316715	8360.918293630759	0.3846254848089478
0.0014851936139166357	8513.137804497801	0.3846254848089478
0.0015151965199038384	8667.831963380811	0.3846254848089478
0.0015458054840564715	8825.024668638249	0.3846254848089478
0.0015770328463986507	8984.743816675684	0.3846254848089478
0.001608890830539166	9147.01475246805	0.3846254848089478
0.0016413925914093848	9311.866450961477	0.3846254848089478
0.0016745509346947074	9479.32158916999	0.3846254848089478
0.001708379015326501	9649.401366510621	0.3846254848089478
0.0017428906867280607	9822.136296853107	0.3846254848089478
0.0017780993366613993	9997.546633454409	0.3846254848089478
0.001814019284211099	10175.6543495663	0.3846254848089478
0.001850664848461748	10356.481506631842	0.3846254848089478
0.0018880506977438912	10540.052180547207	0.3846254848089478
0.001926192780956625	10726.389195853344	0.3846254848089478
0.0019651043694466357	10915.501139474452	0.3846254848089478
0.002004801994189619	11107.416657161504	0.3846254848089478
0.0020453017204999924	11302.153143619878	0.3846254848089478
0.0020866196136921644	11499.726103254525	0.3846254848089478
0.002128771971911191	11700.150263256324	0.3846254848089478
0.0021717760246247044	11903.440927214268	0.3846254848089478
0.002215648768469689	12109.615146575465	0.3846254848089478
0.0022604078985750684	12318.687259134424	0.3846254848089478
0.002306071110069751	12530.6632689089	0.3846254848089478
0.002352656796574592	12745.558562039672	0.3846254848089478
0.0024001835845410824	12963.379685157372	0.3846254848089478
0.0024486703332513566	13184.132259729107	0.3846254848089478
0.0024981368333101273	13407.830798169958	0.3846254848089478
0.002548602409660814	13634.471121044995	0.3846254848089478
0.002600087551400067	13864.059555805912	0.3846254848089478
0.002652612747624517	14096.59952756609	0.3846254848089478
0.0027061989530920974	14332.090818233153	0.3846254848089478
0.00276086782105267	14570.528876587536	0.3846254848089478
0.0028166410047560917	14811.91080966998	0.3846254848089478
0.0028735410887748007	15056.230101848963	0.3846254848089478
0.002931590192019938	15303.479462042296	0.3846254848089478
0.002990812296047808	15553.653175938316	0.3846254848089478
0.003051230451092124	15806.730157238171	0.3846254848089478
0.003112869337201119	16062.700730096782	0.3846254848089478
0.003175753401592373	16321.54926027212	0.3846254848089478
0.0032399094197899116	16583.26403660255	0.3846254848089478
0.0033053599763661636	16847.805046614103	0.3846254848089478
0.0033721325453370805	17115.155459894766	0.3846254848089478
0.0034402539022266843	17385.292901751985	0.3846254848089478
0.003509751986712219	17658.18474734079	0.3846254848089478
0.0035806533414870496	17933.793830631897	0.3846254848089478
0.0036529873032122855	18212.0898327298	0.3846254848089478
0.00372678251005709	18493.03401755727	0.3846254848089478
0.003802068298682568	18776.56957419215	0.3846254848089478
0.003878874937072397	19062.697614395107	0.3846254848089478
0.003957233391702177	19351.211301872376	0.3846254848089478
0.004037174861878155	19642.711414264897	0.3846254848089478
0.0041187312453985206	19936.85845568752	0.3846254848089478
0.004201935138553381	20232.562234457277	0.3846254848089478
0.004286819603294133	20530.696214070507	0.3846254848089478
0.004373419098556042	20830.98847385844	0.3846254848089478
0.004461768083274367	21133.422689971183	0.3846254848089478
0.004551901482045649	21437.905516205792	0.3846254848089478
0.0046438560821116	21744.368069377422	0.3846254848089478
0.004737668205052617	22052.710732167438	0.3846254848089478
0.004833375103771686	22362.85318637457	0.3846254848089478
0.004931015428155661	22674.68106191849	0.3846254848089478
0.005030628759413961	22988.167639273637	0.3846254848089478
0.005132254213094711	23302.91627360014	0.3846254848089478
0.005235932301729918	23618.930914922017	0.3846254848089478
0.00534170772880316	23936.551552174013	0.3846254848089478
0.0054496172815561295	24255.24318990248	0.3846254848089478
0.005559706129133701	24574.977125880512	0.3846254848089478
0.005672019906342031	24895.60029826185	0.3846254848089478
0.005786602385342121	25216.98281902729	0.3846254848089478
0.005903499666601419	25538.976354574053	0.3846254848089478
0.0060227578505873715	25861.439904795356	0.3846254848089478
0.006144425366073845	26184.192861457857	0.3846254848089478
0.00626855064183474	26507.18796622908	0.3846254848089478
0.006395183969289065	26830.225385541016	0.3846254848089478
0.0065243751741945735	27152.944757357993	0.3846254848089478
0.006656176410615444	27475.327986941655	0.3846254848089478
0.006790639832615857	27797.14974255432	0.3846254848089478
0.006927819922566412	28118.225988525715	0.3846254848089478
0.00706777069717646	28438.354539560856	0.3846254848089478
0.0072105489671230325	28757.331877079792	0.3846254848089478
0.007356211543083194	29074.94224516553	0.3846254848089478
0.007504817098379136	29390.921718516194	0.3846254848089478
0.007656424306333065	29705.059565260526	0.3846254848089478
0.007811094168573624	30017.182753355366	0.3846254848089478
0.007968888618052008	30326.982525375082	0.3846254848089478
0.008129870519042013	30634.219636793077	0.3846254848089478
0.008294104598462575	30938.6368414676	0.3846254848089478
0.008461656980216507	31239.964167527683	0.3846254848089478
0.008632592856884003	31537.93159469673	0.3846254848089478
0.008806983008980751	31832.262132352655	0.3846254848089478
0.00898490007966757	32122.646962115326	0.3846254848089478
0.009166406467556957	32408.793189773856	0.3846254848089478
0.00935158040374517	32690.410554041842	0.3846254848089478
0.009540494531393048	32967.182827047734	0.3846254848089478
0.009733225218951702	33238.78610462834	0.3846254848089478
0.009929848834872242	33504.907867310285	0.3846254848089478
0.010130445472896097	33765.210892750016	0.3846254848089478
0.010335093364119525	34019.353527398314	0.3846254848089478
0.010543875396251675	34266.99153054182	0.3846254848089478
0.010756876319646837	34507.75925068647	0.3846254848089478
0.010974179953336717	34741.30486637734	0.3846254848089478
0.011195871978998186	34967.25579171387	0.3846254848089478
0.011422043666243548	35185.228074776256	0.3846254848089478
0.011652784422039984	35394.84816135947	0.3846254848089478
0.01188818644732237	35595.72160057078	0.3846254848089478
0.012128342874348162	35787.46023490835	0.3846254848089478
0.012373351491987707	35969.67594905946	0.3846254848089478
0.01262330915778875	36141.96369009217	0.3846254848089478
0.012878316454589362	36303.9243421489	0.3846254848089478
0.013138474896550175	36455.16052658469	0.3846254848089478
0.013403890654444691	36595.26825798501	0.3846254848089478
0.013674667105078695	36723.834609342026	0.3846254848089478
0.01395091228187084	36840.46489645325	0.3846254848089478
0.014232739806175235	36944.76253864797	0.3846254848089478
0.014520260505378241	37036.314506831404	0.3846254848089478
0.014813594520092009	37114.72166003513	0.3846254848089478
0.015112848952412612	37179.62304660296	0.3846254848089478
0.01541814953088761	37230.541304381884	0.3846254848089478
0.01572961546480656	37267.462999181684	0.3846254848089478
0.016047367826104168	37288.63735730945	0.3846254848089478
0.016371553763747222	37298.88649494219	0.3846254848089478
0.016702271997928612	37278.5797845726	0.3846254848089478
0.017039688304066655	37306.62258080445	0.3846254848089478
0.017383905127644535	37349.475207169715	0.3846254848089478
0.0177350901067257	37285.169854315434	0.3846254848089478
0.018093355000019067	37222.831809661104	0.3846254848089478
0.01845887303352356	37138.879138198594	0.3846254848089478
0.0188317559659481	37039.31649452388	0.3846254848089478
0.019212193787097927	36922.2569259156	0.3846254848089478
0.019600313156843185	36787.95304172816	0.3846254848089478
0.01999625749886036	36636.23161588021	0.3846254848089478
0.020400216802954667	36466.6592186575	0.3846254848089478
0.02081231772899627	36280.40166924257	0.3846254848089478
0.02123276330530643	36072.80914556612	0.3846254848089478
0.021661683917045593	35860.96594421486	0.3846254848089478
0.02209929004311561	35575.273417870936	0.3846254848089478
0.0225457139313221	35246.94280736436	0.3846254848089478
0.0230011772364378	34981.41925788078	0.3846254848089478
0.023465819656848904	34682.78582082101	0.3846254848089478
0.023939872160553936	34371.630531021416	0.3846254848089478
0.02442347817122936	34042.882855329466	0.3846254848089478
0.024916876107454307	33698.55432998134	0.3846254848089478
0.02542021870613098	33337.99462066539	0.3846254848089478
0.02593375369906425	32964.71999859128	0.3846254848089478
0.026457635685801506	32568.607432553195	0.3846254848089478
0.026992129161953936	32193.843407278448	0.3846254848089478
0.02753739058971406	31820.998974822254	0.3846254848089478
0.02809369564056396	31385.321187264224	0.3846254848089478
0.028661211952567097	30948.22825736418	0.3846254848089478
0.029240220785140977	30497.895759907773	0.3846254848089478
0.029830897226929658	30038.702332295532	0.3846254848089478
0.030433535575866703	29570.767672671333	0.3846254848089478
0.031048320233821862	29095.466168402694	0.3846254848089478
0.031675551086664214	28613.85145870464	0.3846254848089478
0.0323154553771019	28127.156064688093	0.3846254848089478
0.03296825289726257	27636.658797210253	0.3846254848089478
0.0336342714726925	27143.52036469612	0.3846254848089478
0.034313712269067764	26649.390039961214	0.3846254848089478
0.035006910562515245	26155.42884455517	0.3846254848089478
0.03571407869458197	25662.58992403089	0.3846254848089478
0.036435566842556	25172.527526168476	0.3846254848089478
0.03717159852385521	24686.5747306055	0.3846254848089478
0.037922531366348274	24206.093065266028	0.3846254848089478
0.03868859633803367	23732.305310770724	0.3846254848089478
0.03947017714381218	23266.301293292032	0.3846254848089478
0.04026750847697258	22809.30347244755	0.3846254848089478
0.04108098521828651	22362.362852385817	0.3846254848089478
0.04191085323691369	21926.55451369736	0.3846254848089478
0.04275752976536751	21502.805327322807	0.3846254848089478
0.04362126812338829	21092.030859053877	0.3846254848089478
0.04450249299407004	20694.911047419024	0.3846254848089478
0.045401483774185174	20312.07875171814	0.3846254848089478
0.04631867632269861	19943.94699039996	0.3846254848089478
0.047254350036382675	19590.77352192776	0.3846254848089478
0.04820897057652475	19252.625029484992	0.3846254848089478
0.04918283596634864	18929.485861066503	0.3846254848089478
0.05017641931772231	18621.155177360357	0.3846254848089478
0.05119002237915992	18327.316232780657	0.3846254848089478
0.05222415179014205	18047.345973114294	0.3846254848089478
0.05327918007969856	17780.3929485827	0.3846254848089478
0.05435546115040779	17525.33778529965	0.3846254848089478
0.055453538894653334	17280.40049720648	0.3846254848089478
0.05657374486327172	17044.478579849885	0.3846254848089478
0.057716637849807746	16813.36806751675	0.3846254848089478
0.05888256430625916	16594.66182439882	0.3846254848089478
0.06007209792733193	16382.620906593964	0.3846254848089478
0.0612856037914753	16160.928605448184	0.3846254848089478
0.06252367794513701	15939.672337810105	0.3846254848089478
0.06378671526908877	15714.344921354455	0.3846254848089478
0.06507532298564911	15483.538931675057	0.3846254848089478
0.06638989597558977	15244.860324602958	0.3846254848089478
0.06773108989000319	14996.020373448013	0.3846254848089478
0.06909931451082231	14734.896305915754	0.3846254848089478
0.07049524784088135	14459.793384983046	0.3846254848089478
0.07191931456327437	14169.676766408293	0.3846254848089478
0.07337221503257751	13863.928918531137	0.3846254848089478
0.07485438883304595	13542.413892187005	0.3846254848089478
0.07636658102273942	13205.276302444792	0.3846254848089478
0.07790925353765489	12852.983295512231	0.3846254848089478
0.07948315888643265	12486.580046383118	0.3846254848089478
0.08108878880739212	12108.172051685578	0.3846254848089478
0.08272692561149599	11720.73752248117	0.3846254848089478
0.08439807593822478	11327.817612274472	0.3846254848089478
0.08610307425260545	10933.052893606051	0.3846254848089478
0.08784241974353789	10540.139143130167	0.3846254848089478
0.08961699903011322	10152.64208612613	0.3846254848089478
0.09142742305994035	9774.213777160097	0.3846254848089478
0.09327434003353116	9408.52611093142	0.3846254848089478
0.095158651471138	9059.171866932364	0.3846254848089478
0.09708093106746676	8729.546272788335	0.3846254848089478
0.09904213994741441	8422.4147758846	0.3846254848089478
0.10104287415742877	8139.766955127449	0.3846254848089478
0.10308412462472913	7882.5726713962995	0.3846254848089478
0.10516651719808581	7650.994675137893	0.3846254848089478
0.10729106515645982	7444.360497353028	0.3846254848089478
0.10945843905210498	7261.220943396909	0.3846254848089478
0.11166969686746601	7099.2458262885875	0.3846254848089478
0.1139255166053772	6955.224863498798	0.3846254848089478
0.11622700840234756	6825.179741032624	0.3846254848089478
0.118574894964695	6704.615018151851	0.3846254848089478
0.12097033113241193	6588.603735852183	0.3846254848089478
0.12341402471065524	6471.966920543041	0.3846254848089478
0.12590721249580386	6349.593702727824	0.3846254848089478
0.12845064699649808	6217.129703715337	0.3846254848089478
0.1310455799102783	6071.34926468917	0.3846254848089478
0.13369281589984897	5910.114975884471	0.3846254848089478
0.1363936513662338	5732.426922132104	0.3846254848089478
0.13914892077445984	5539.137968685565	0.3846254848089478
0.14195998013019562	5332.918016481779	0.3846254848089478
0.1448276787996292	5117.49092491816	0.3846254848089478
0.14775346219539642	4897.496741994469	0.3846254848089478
0.15073834359645846	4678.8081543264225	0.3846254848089478
0.15378338098526	4467.412628704621	0.3846254848089478
0.1568900942802429	4268.348130960076	0.3846254848089478
0.16005939245224	4085.801420817588	0.3846254848089478
0.16329288482666016	3922.7626797047456	0.3846254848089478
0.16659153997898102	3780.6379059825304	0.3846254848089478
0.1699569970369339	3659.1773919284365	0.3846254848089478
0.17339026927947998	3556.3309402928953	0.3846254848089478
0.17689307034015658	3468.33558066497	0.3846254848089478
0.18046644330024722	3390.366918988014	0.3846254848089478
0.1841122061014175	3317.0357376039715	0.3846254848089478
0.18783141672611237	3242.8778766817763	0.3846254848089478
0.1916259527206421	3162.722196382349	0.3846254848089478
0.19549694657325745	3072.9748228596	0.3846254848089478
0.19944635033607477	2972.226519024837	0.3846254848089478
0.20347532629966736	2860.9593089613136	0.3846254848089478
0.20758591592311865	2741.742279520477	0.3846254848089478
0.21177931129932404	2618.7970899715383	0.3846254848089478
0.2160576283931732	2497.25538860951	0.3846254848089478
0.22042217850685122	2382.1717048880355	0.3846254848089478
0.2248750925064087	2277.4439960211853	0.3846254848089478
0.22941777110099787	2185.5330417447267	0.3846254848089478
0.23405241966247559	2106.856301805259	0.3846254848089478
0.23878046870231626	2039.8415815594678	0.3846254848089478
0.2436042875051498	1981.249281280412	0.3846254848089478
0.2485255300998688	1926.8571335962613	0.3846254848089478
0.25354593992233276	1872.4028282893353	0.3846254848089478
0.2586680054664612	1814.3470958403293	0.3846254848089478
0.2638933360576629	1750.7917860858463	0.3846254848089478
0.26922446489334106	1681.9608757833444	0.3846254848089478
0.2746630012989044	1609.8314777223661	0.3846254848089478
0.28021171689033514	1537.5794871715098	0.3846254848089478
0.28587222099304194	1468.7266876875717	0.3846254848089478
0.29164737462997437	1405.9192611897445	0.3846254848089478
0.2975388765335083	1350.4283449525315	0.3846254848089478
0.3035497069358826	1301.846154981246	0.3846254848089478
0.30968165397644043	1258.2327218000394	0.3846254848089478
0.3159377872943878	1216.922901284323	0.3846254848089478
0.32231998443603516	1175.3549214642933	0.3846254848089478
0.3288314342498779	1131.8941618000522	0.3846254848089478
0.33547410368919367	1086.4101235750488	0.3846254848089478
0.3422513008117676	1040.0556651986885	0.3846254848089478
0.3491650521755219	994.7727612680453	0.3846254848089478
0.35621881484985357	952.3677082098109	0.3846254848089478
0.3634147346019745	913.7878347307595	0.3846254848089478
0.3707563579082489	878.8569614235538	0.3846254848089478
0.3782459497451782	846.4358478014012	0.3846254848089478
0.3858872056007385	815.0465861473276	0.3846254848089478
0.39368247985839844	783.5619543567467	0.3846254848089478
0.4016355574131012	751.6715746028884	0.3846254848089478
0.409748911857605	719.9065094408952	0.3846254848089478
0.4180265963077545	689.2305393392209	0.3846254848089478
0.4264715015888214	660.4433145286202	0.3846254848089478
0.43508657813072205	633.7531381079918	0.3846254848089478
0.44387611746788025	608.7310106445343	0.3846254848089478
0.45284274220466614	584.6479948493104	0.3846254848089478
0.46199101209640503	560.9558025555896	0.3846254848089478
0.4713236093521118	537.5682025725071	0.3846254848089478
0.480845183134079	514.7992166895633	0.3846254848089478
0.4905586838722229	493.07132692971214	0.3846254848089478
0.5004688501358032	472.56316440354584	0.3846254848089478
0.5105787515640259	453.1463350946728	0.3846254848089478
0.5208933353424072	434.49015629168554	0.3846254848089478
0.5314158201217651	416.34756229083087	0.3846254848089478
0.5421513915061951	398.71169925953706	0.3846254848089478
0.5531033277511597	381.7396492190528	0.3846254848089478
0.5642769932746887	365.5575294444768	0.3846254848089478
0.5756758451461792	350.14670907799325	0.3846254848089478
0.5873055458068848	335.3721807514048	0.3846254848089478
0.5991696119308472	321.11699963134566	0.3846254848089478
0.6112739443778992	307.3611809706167	0.3846254848089478
0.6236221194267273	294.1586998292299	0.3846254848089478
0.6362204551696777	281.53912960987896	0.3846254848089478
0.6490726470947266	269.4645007318813	0.3846254848089478
0.6621850728988647	257.86762674459595	0.3846254848089478
0.6755617260932922	246.71982482844874	0.3846254848089478
0.6892093420028687	236.02045412982827	0.3846254848089478
0.7031325697898865	225.7742700458649	0.3846254848089478
0.7173364758491516	215.9644295754629	0.3846254848089478
0.7318279147148132	206.55511197447794	0.3846254848089478
0.746611475944519	197.5284840561365	0.3846254848089478
0.7616943717002869	188.87845296995087	0.3846254848089478
0.7770812511444092	180.59216773464618	0.3846254848089478
0.7927797436714172	172.6527653402288	0.3846254848089478
0.8087944984436035	165.04471666053536	0.3846254848089478
0.8251336216926575	157.75496035322607	0.3846254848089478
0.8418020009994507	150.77491115307484	0.3846254848089478
0.8588079810142517	144.08950664519944	0.3846254848089478
0.8761565685272217	137.68763194800167	0.3846254848089478
0.8938565254211426	131.55731600493763	0.3846254848089478
0.9119131565093994	125.68915683428563	0.3846254848089478
0.9303354024887085	120.07224537940222	0.3846254848089478
0.949129045009613	114.69607165281035	0.3846254848089478
0.9683031439781189	109.55096371882155	0.3846254848089478
0.9878636598587036	104.62764821300323	0.3846254848089478
1.0078202486038208	99.91699504407913	0.3846254848089478
1.0281790494918823	95.41002083751428	0.3846254848089478
1.0489501953125	91.09806255355896	0.3846254848089478
1.070139765739441	86.97351422252015	0.3846254848089478
1.0917586088180542	83.02871271640018	0.3846254848089478
1.113813042640686	79.25595335404404	0.3846254848089478
1.136314034461975	75.64855901278098	0.3846254848089478
1.1592696905136108	72.1993756468788	0.3846254848089478
1.1826878786087036	68.90232087368521	0.3846254848089478
1.2065802812576294	65.75058678859229	0.3846254848089478
1.2309542894363403	62.738058714990366	0.3846254848089478
1.255821704864502	59.85885916199074	0.3846254848089478
1.2811903953552246	57.10717789915711	0.3846254848089478
1.3070727586746216	54.47765663786489	0.3846254848089478
1.3334767818450928	51.965250992621	0.3846254848089478
1.3604153394699097	49.5647750798366	0.3846254848089478
1.3878967761993408	47.27179809500887	0.3846254848089478
1.4159349203109741	45.081610401599114	0.3846254848089478
1.4445379972457886	42.98988184494301	0.3846254848089478
1.4737203121185303	40.99207889915534	0.3846254848089478
1.503490686416626	39.08438290470657	0.3846254848089478
1.5338637828826904	37.262620242025335	0.3846254848089478
1.5648492574691772	35.52318610898542	0.3846254848089478
1.5964618921279907	33.86247911768792	0.3846254848089478
1.6287118196487427	32.277273158404505	0.3846254848089478
1.6616147756576538	30.764169227421228	0.3846254848089478
1.6951807737350464	29.320083950169373	0.3846254848089478
1.7294265031814575	27.941786338437904	0.3846254848089478
1.7643623352050781	26.626493924508377	0.3846254848089478
1.8000056743621826	25.371320060777506	0.3846254848089478
1.8363672494888303	24.173732776616948	0.3846254848089478
1.8734651803970337	23.03116225044175	0.3846254848089478
1.9113107919692993	21.941281814239176	0.3846254848089478
1.9499226808547974	20.901559037393938	0.3846254848089478
1.9893145561218262	19.909820414059926	0.3846254848089478
2.0295004844665527	18.963959432724632	0.3846254848089478
2.070500135421753	18.061839921430494	0.3846254848089478
2.11232590675354	17.20163006802792	0.3846254848089478
2.154998540878296	16.38134491931964	0.3846254848089478
2.19853138923645	15.599267342863415	0.3846254848089478
2.242945671081543	14.853571370952514	0.3846254848089478
2.288254976272583	14.142678671387301	0.3846254848089478
2.334482192993164	13.464963684585785	0.3846254848089478
2.3816404342651367	12.819014599325852	0.3846254848089478
2.4297537803649902	12.20331817758546	0.3846254848089478
2.478837013244629	11.616540701047349	0.3846254848089478
2.528913974761963	11.057309333390537	0.3846254848089478
2.580000162124634	10.524415499139367	0.3846254848089478
2.6321208477020264	10.016634894182408	0.3846254848089478
2.6852917671203613	9.532839084578493	0.3846254848089478
2.7395396232604976	9.071861974690174	0.3846254848089478
2.794880390167236	8.632737085823997	0.3846254848089478
2.8513422012329106	8.214392324097076	0.3846254848089478
2.9089415073394775	7.815915344357831	0.3846254848089478
2.967707395553589	7.436348748222522	0.3846254848089478
3.0276577472686768	7.074842667646475	0.3846254848089478
3.0888218879699707	6.730545123685812	0.3846254848089478
3.151218891143799	6.402677806755211	0.3846254848089478
3.214878797531128	6.090456024856497	0.3846254848089478
3.279825448989868	5.793150634916732	0.3846254848089478
3.346080780029297	5.510093122029928	0.3846254848089478
3.413677453994751	5.240591716712063	0.3846254848089478
3.48263669013977	4.9840270401565965	0.3846254848089478
3.5529923439025874	4.73977802222417	0.3846254848089478
3.6247656345367427	4.507287146732398	0.3846254848089478
3.6979923248291025	4.285978831913211	0.3846254848089478
3.7726948261260986	4.0753467400452035	0.3846254848089478
3.848910093307495	3.8748661873034123	0.3846254848089478
3.9266612529754643	3.684078722257417	0.3846254848089478
4.005986690521241	3.5025101289149467	0.3846254848089478
4.086911201477051	3.3297398796395576	0.3846254848089478
4.169474124908447	3.165336771258593	0.3846254848089478
4.253701210021973	3.008917306080081	0.3846254848089478
4.339633464813232	2.8600906209604036	0.3846254848089478
4.427297592163086	2.7185065560054746	0.3846254848089478
4.516737461090088	2.583808237574596	0.3846254848089478
4.607978820800781	2.4556820908086068	0.3846254848089478
4.70106840133667	2.3337958631513462	0.3846254848089478
4.796033859252931	2.217866522135127	0.3846254848089478
4.892922878265381	2.1075974964363926	0.3846254848089478
4.991764068603515	2.0027268229935102	0.3846254848089478
5.092606544494629	1.90299310811989	0.3846254848089478