#  k [h/Mpc]          Pk/s8^2 [Mpc/h]^3          s8
5.3832945923204525e-6	40.27862889496717	0.4912744270390761
5.492044692800844e-6	41.05945302904473	0.4912744270390761
5.602991222986015e-6	41.855410116892436	0.4912744270390761
5.71617920286372e-6	42.66679944887578	0.4912744270390761
5.831653652421664e-6	43.49391396705956	0.4912744270390761
5.949460501142307e-6	44.33705604997415	0.4912744270390761
6.069647952244846e-6	45.196563588196256	0.4912744270390761
6.192262844706423e-6	46.072709562953484	0.4912744270390761
6.3173547459882735e-6	46.965853424663244	0.4912744270390761
6.4449741330463515e-6	47.876311238771926	0.4912744270390761
6.575171028089249e-6	48.804410944783044	0.4912744270390761
6.707998181809679e-6	49.75050951962582	0.4912744270390761
6.8435087996476796e-6	50.714946183777606	0.4912744270390761
6.981756541790679e-6	51.69806796151429	0.4912744270390761
7.122797342162812e-6	52.700262097211464	0.4912744270390761
7.2666875894355986e-6	53.72188466918667	0.4912744270390761
7.413485036522603e-6	54.7633137539546	0.4912744270390761
7.5632465268427074e-6	55.824916335802435	0.4912744270390761
7.716034815530298e-6	56.90711538851208	0.4912744270390761
7.871908564993646e-6	58.010284691135574	0.4912744270390761
8.030931894609227e-6	59.13484578988359	0.4912744270390761
8.193167559511487e-6	60.28120224007695	0.4912744270390761
8.358680133824245e-6	61.4497684225944	0.4912744270390761
8.527536920155397e-6	62.64100496583904	0.4912744270390761
8.699804311618209e-6	63.85532370753379	0.4912744270390761
8.875552339304699e-6	65.09319306681019	0.4912744270390761
9.054850124812226e-6	66.35504844530143	0.4912744270390761
9.237770427716884e-6	67.64137651020107	0.4912744270390761
9.42438600759488e-6	68.95264166266368	0.4912744270390761
9.614770533517013e-6	70.28931285374618	0.4912744270390761
9.809003131522333e-6	71.6518963311795	0.4912744270390761
0.000010007157470681691	73.04090523347486	0.4912744270390761
0.000010209315405518282	74.45681415003932	0.4912744270390761
0.000010415557881060505	75.90020538506023	0.4912744270390761
0.000010625965842336889	77.37156420779922	0.4912744270390761
0.000010840623872354637	78.87143952532921	0.4912744270390761
0.000011059620192099837	80.4004052197948	0.4912744270390761
0.000011283037565590357	81.95897118195037	0.4912744270390761
0.00001151097148976987	83.54780834482021	0.4912744270390761
0.000011743507457140366	85.16740272704533	0.4912744270390761
0.000011980741874140228	86.81839606552224	0.4912744270390761
0.000012222769328218419	88.501408825466	0.4912744270390761
0.000012469685316318665	90.2170377568044	0.4912744270390761
0.000012721589882858103	91.96592395613354	0.4912744270390761
0.000012978583072253965	93.7487305742386	0.4912744270390761
0.00001324076765740755	95.5660824469472	0.4912744270390761
0.00001350824913970427	97.41865416259053	0.4912744270390761
0.000013781134839518936	99.3071430187929	0.4912744270390761
0.000014059531167731634	101.23225083949981	0.4912744270390761
0.000014343552720674764	103.1946568468561	0.4912744270390761
0.000014633312275691415	105.1951449169267	0.4912744270390761
0.000014928924429113989	107.23438361462392	0.4912744270390761
0.000015230508324748354	109.31313928657084	0.4912744270390761
0.000015538184015895237	111.43220973454527	0.4912744270390761
0.000015852077922318134	113.59236722176148	0.4912744270390761
0.00001617231100681238	115.79439425713451	0.4912744270390761
0.00001649901241762563	118.03908286253812	0.4912744270390761
0.000016832314940984378	120.32731669032555	0.4912744270390761
0.000017172349544125592	122.65987478843627	0.4912744270390761
0.00001751925447024406	125.0376729769034	0.4912744270390761
0.000017873167962534357	127.46155140475172	0.4912744270390761
0.00001823423008318059	129.93242104185262	0.4912744270390761
0.00001860258453234565	132.45119903238512	0.4912744270390761
0.00001897838228615001	135.01878713537891	0.4912744270390761
0.000019361770682735372	137.63614390576575	0.4912744270390761
0.00001975290433620106	140.30424743806012	0.4912744270390761
0.000020151937860646305	143.0240871100878	0.4912744270390761
0.000020559036784106862	145.796642758762	0.4912744270390761
0.000020974357539671456	148.62292268839008	0.4912744270390761
0.00002139806747436524	151.50400158385534	0.4912744270390761
0.00002183033575420271	154.4409185211516	0.4912744270390761
0.000022271337002166554	157.43474983769707	0.4912744270390761
0.00002272124766022901	160.4866140029009	0.4912744270390761
0.000023180249627330337	163.59768785634552	0.4912744270390761
0.000023648521164432168	166.76902839837638	0.4912744270390761
0.000024126253265421855	170.00185497851587	0.4912744270390761
0.000024613633286207908	173.29732787303308	0.4912744270390761
0.000025110863134614195	176.6566830058334	0.4912744270390761
0.000025618135623517467	180.08114989084314	0.4912744270390761
0.00002613565629872031	183.57206398748912	0.4912744270390761
0.000026663634344004078	187.13058737447014	0.4912744270390761
0.000027202273486182104	190.75807897406304	0.4912744270390761
0.000027751795641961548	194.45587130489292	0.4912744270390761
0.000028312419090070806	198.22540157761708	0.4912744270390761
0.000028884367566206482	202.06792750577725	0.4912744270390761
0.000029467868444044133	205.9849416462946	0.4912744270390761
0.000030063161830184968	209.97794451881262	0.4912744270390761
0.000030670478736283224	214.04831283675088	0.4912744270390761
0.000031290062906919034	218.19753094192336	0.4912744270390761
0.000031922165362630026	222.42727826054448	0.4912744270390761
0.000032567033485975116	226.7389110261077	0.4912744270390761
0.000033224929211428355	231.13412838878645	0.4912744270390761
0.000033896121749421555	235.6145755698561	0.4912744270390761
0.00003458086939644997	240.1818840084237	0.4912744270390761
0.00003527944863890294	244.83764222061558	0.4912744270390761
0.0000359921396011487	249.58367694593298	0.4912744270390761
0.00003671922968351278	254.4216924878335	0.4912744270390761
0.000037461006286321215	259.35347249748787	0.4912744270390761
0.00003821776408585719	264.38081695908403	0.4912744270390761
0.00003898981958627702	269.5057148631449	0.4912744270390761
0.00003977746746386408	274.72980728738276	0.4912744270390761
0.000040581024222774465	280.0552021549818	0.4912744270390761
0.000041400813643122085	285.4838303925529	0.4912744270390761
0.00004223716314299965	291.0176269986244	0.4912744270390761
0.00004309041105443616	296.6586904002291	0.4912744270390761
0.00004396089570946057	302.4090287990138	0.4912744270390761
0.00004484896271605977	308.27089886790867	0.4912744270390761
0.000045754968596156605	314.2462805247461	0.4912744270390761
0.00004667929169954734	320.337627526628	0.4912744270390761
0.00004762227399623955	326.5469107576076	0.4912744270390761
0.000048584304749965735	332.8765082345825	0.4912744270390761
0.00004956577686243698	339.32880985361896	0.4912744270390761
0.000050567068683449145	345.9061277112145	0.4912744270390761
0.00005158859130460773	352.61091377268315	0.4912744270390761
0.00005263074854156009	359.445608293364	0.4912744270390761
0.000053693958761869	366.41274637365314	0.4912744270390761
0.00005477865124703387	373.5149534835926	0.4912744270390761
0.00005588524800259622	380.7547147953562	0.4912744270390761
0.00005701420377590698	388.1347405682154	0.4912744270390761
0.00005816596967633813	395.65781931797375	0.4912744270390761
0.0000593409968132619	403.32668834594205	0.4912744270390761
0.00006053977995179594	411.1442038141255	0.4912744270390761
0.00006176275928737601	419.11313730296615	0.4912744270390761
0.00006301045505097132	427.23645127257663	0.4912744270390761
0.00006428334745578468	435.51717388929984	0.4912744270390761
0.00006558195309480648	443.95830334690356	0.4912744270390761
0.00006690679583698507	452.56292893132206	0.4912744270390761
0.00006825839955126868	461.33430495969014	0.4912744270390761
0.0000696373099344782	470.27558710384113	0.4912744270390761
0.00007104407268343497	479.39009539068127	0.4912744270390761
0.00007247926259879031	488.6812473329441	0.4912744270390761
0.00007394343992928044	498.1523008705536	0.4912744270390761
0.00007543719402747222	507.8067558617524	0.4912744270390761
0.00007696112152189019	517.6483005129375	0.4912744270390761
0.00007851585542084646	527.6805801786616	0.4912744270390761
0.00008010198507690791	537.9070869500906	0.4912744270390761
0.00008172015077434479	548.3316364650829	0.4912744270390761
0.00008337100734934218	558.958135643417	0.4912744270390761
0.00008505520963808526	569.7903718265328	0.4912744270390761
0.00008677344158058991	580.8324755084012	0.4912744270390761
0.00008852637256495652	592.0882439372391	0.4912744270390761
0.00009031472291098898	603.5620909309229	0.4912744270390761
0.00009213919838657605	615.258023599606	0.4912744270390761
0.0000940005265874789	627.180558028422	0.4912744270390761
0.00009589947148924698	639.3339092608284	0.4912744270390761
0.0000978367679635995	651.7225022409218	0.4912744270390761
0.00009981319453800107	664.350977063583	0.4912744270390761
0.00010182957339566193	677.2241170060036	0.4912744270390761
0.00010388666851213194	690.3462041972793	0.4912744270390761
0.00010598531662253655	703.7224102340682	0.4912744270390761
0.0001081263617379591	717.3575654360304	0.4912744270390761
0.00011031066242139786	731.2564525354015	0.4912744270390761
0.00011253908451180906	745.4243439410475	0.4912744270390761
0.0001148125156760216	759.8663883563027	0.4912744270390761
0.0001171318799606524	774.5881101149944	0.4912744270390761
0.00011949810141231852	789.5944637197895	0.4912744270390761
0.00012191212590550998	804.8913857228504	0.4912744270390761
0.00012437491386663152	820.4840961471973	0.4912744270390761
0.00012688744754996156	836.3783183163165	0.4912744270390761
0.00012945073831360782	852.5801419053818	0.4912744270390761
0.00013206583389546725	869.0954381265897	0.4912744270390761
0.00013473375292960557	885.930116368694	0.4912744270390761
0.0001374555577058346	903.0902943488553	0.4912744270390761
0.0001402323250658809	920.5820461610471	0.4912744270390761
0.00014306521916296344	938.4120952444575	0.4912744270390761
0.00014595531683880836	956.5868821202233	0.4912744270390761
0.0001489037967985496	975.1129429182896	0.4912744270390761
0.00015191186685115085	993.9971606758062	0.4912744270390761
0.0001549806765979156	1013.2461070869607	0.4912744270390761
0.00015811149205546807	1032.8670435302488	0.4912744270390761
0.00016130555013660323	1052.8670982757133	0.4912744270390761
0.00016456414596177638	1073.2536851048476	0.4912744270390761
0.00016788860375527314	1094.033979429349	0.4912744270390761
0.00017128017498180262	1115.2154932150838	0.4912744270390761
0.00017474024207331235	1136.8060063259834	0.4912744270390761
0.0001782702311174945	1158.8132429732923	0.4912744270390761
0.00018187153909821071	1181.2451914575934	0.4912744270390761
0.00018554557755123805	1204.1101749282166	0.4912744270390761
0.000189293845323846	1227.4161472578721	0.4912744270390761
0.00019311782671138658	1251.172007539866	0.4912744270390761
0.0001970190496649595	1275.3859758787396	0.4912744270390761
0.0002009991003433245	1300.0670933130825	0.4912744270390761
0.00020505955035332585	1325.2236555632826	0.4912744270390761
0.0002092020295094699	1350.8652471203338	0.4912744270390761
0.00021342818217817678	1377.0010582071466	0.4912744270390761
0.00021773976914118986	1403.6407198920265	0.4912744270390761
0.00022213840566109866	1430.7935098051423	0.4912744270390761
0.00022662588162347658	1458.4687934145554	0.4912744270390761
0.00023120403056964278	1486.6771682712922	0.4912744270390761
0.00023587465693708523	1515.428018667919	0.4912744270390761
0.00024063963792286832	1544.7325356690878	0.4912744270390761
0.00024550087982788655	1574.6006641113315	0.4912744270390761
0.0002504603180568665	1605.0433708833407	0.4912744270390761
0.00025551993167027804	1636.0707761524186	0.4912744270390761
0.00026068178704008444	1667.6947157651118	0.4912744270390761
0.00026594789233058707	1699.926069088346	0.4912744270390761
0.0002713204012252388	1732.776754390505	0.4912744270390761
0.0002768014383036642	1766.2577926968868	0.4912744270390761
0.00028239324456080816	1800.3817776846988	0.4912744270390761
0.00028809794457629323	1835.1595154582137	0.4912744270390761
0.0002939179248642178	1870.6045676166946	0.4912744270390761
0.00029985545552335685	1906.728946432838	0.4912744270390761
0.00030591292306780815	1943.545136494521	0.4912744270390761
0.00031209277221932996	1981.0662182271567	0.4912744270390761
0.00031839747680351116	2019.3060449478667	0.4912744270390761
0.00032482951064594074	2058.2767021696145	0.4912744270390761
0.0003313914930913598	2097.992408481932	0.4912744270390761
0.0003380860434845092	2138.4674003009623	0.4912744270390761
0.00034491583937779064	2179.7153305487454	0.4912744270390761
0.0003518835874274374	2221.7510755533563	0.4912744270390761
0.0003589921107050029	2264.588086836553	0.4912744270390761
0.00036624420317821194	2308.2417448420865	0.4912744270390761
0.00037364283343777077	2352.7273051444045	0.4912744270390761
0.00038119088276289425	2398.0597405912595	0.4912744270390761
0.0003888914943672718	2444.2549415700128	0.4912744270390761
0.00039674757863394927	2491.3285730559605	0.4912744270390761
0.0004047623951919378	2539.295840084116	0.4912744270390761
0.00041293932008557016	2588.175171881158	0.4912744270390761
0.00042128126369789226	2637.981185401334	0.4912744270390761
0.00042979168938472867	2688.7304881308683	0.4912744270390761
0.00043847406050190346	2740.441422447016	0.4912744270390761
0.00044733184040524065	2793.130449789854	0.4912744270390761
0.0004563684924505651	2846.8157497719067	0.4912744270390761
0.0004655877419281751	2901.5148057972137	0.4912744270390761
0.00047499322681687767	2957.2458079747666	0.4912744270390761
0.00048458873061463237	3014.0274759851127	0.4912744270390761
0.0004943780368193983	3071.878911428466	0.4912744270390761
0.0005043651326559483	3130.8180330242385	0.4912744270390761
0.0005145540344528854	3190.864697992317	0.4912744270390761
0.0005249487003311518	3252.0385100333815	0.4912744270390761
0.0005355533212423326	3314.3585094531977	0.4912744270390761
0.0005463722045533356	3377.845699257351	0.4912744270390761
0.0005574096576310695	3442.5199557674696	0.4912744270390761
0.0005686701042577629	3508.402388829816	0.4912744270390761
0.0005801579682156444	3575.513545251693	0.4912744270390761
0.0005918779061175887	3643.8741025951135	0.4912744270390761
0.000603834632784128	3713.5071852395313	0.4912744270390761
0.0006160328630357986	3784.432501118451	0.4912744270390761
0.000628477544523776	3856.673533341401	0.4912744270390761
0.000641173624899238	3930.2516924221522	0.4912744270390761
0.0006541261682286859	4005.1910397755178	0.4912744270390761
0.0006673403549939396	4081.5126835932074	0.4912744270390761
0.000680821540299803	4159.2403807001965	0.4912744270390761
0.0006945753702893851	4238.400514357958	0.4912744270390761
0.0007086067344062027	4319.011708784393	0.4912744270390761
0.0007229215116240086	4401.099711697496	0.4912744270390761
0.0007375255227088933	4484.689601840549	0.4912744270390761
0.0007524244138039651	4569.805703862263	0.4912744270390761
0.0007676244131289421	4656.473322854106	0.4912744270390761
0.0007831314578652384	4744.716604465953	0.4912744270390761
0.0007989517762325708	4834.560879405169	0.4912744270390761
0.0008150916546583177	4926.031216335472	0.4912744270390761
0.0008315575541928413	5019.154704291433	0.4912744270390761
0.0008483561687171459	5113.956095569994	0.4912744270390761
0.0008654940756969156	5210.463292391535	0.4912744270390761
0.0008829782018437978	5308.701202600629	0.4912744270390761
0.0009008154738694433	5408.6965975183	0.4912744270390761
0.0009190131677314636	5510.477120416953	0.4912744270390761
0.0009375784429721536	5614.0709576595655	0.4912744270390761
0.0009565186919644477	5719.502305315956	0.4912744270390761
0.0009758416563272478	5826.801079871395	0.4912744270390761
0.000995554961264134	5935.994009582773	0.4912744270390761
0.0010156665230169888	6047.110196388812	0.4912744270390761
0.0010361843742430204	6160.176134453256	0.4912744270390761
0.0010571165475994349	6275.2202782133645	0.4912744270390761
0.0010784717742353684	6392.271720193398	0.4912744270390761
0.001100258319638669	6511.359034216633	0.4912744270390761
0.0011224849149584779	6632.507403695526	0.4912744270390761
0.0011451612226665024	6755.753446926528	0.4912744270390761
0.0011682949261739844	6881.11645987867	0.4912744270390761
0.0011918960371986032	7008.628676527988	0.4912744270390761
0.001215973985381425	7138.319071195219	0.4912744270390761
0.0012405382003635164	7270.216655539366	0.4912744270390761
0.0012655986938625568	7404.348862464231	0.4912744270390761
0.001291165477596223	7540.744266493913	0.4912744270390761
0.001317248679697514	7679.43390758776	0.4912744270390761
0.0013438588939607141	7820.442384465352	0.4912744270390761
0.0013710065977647896	7963.801153440645	0.4912744270390761
0.0013987028505653136	8109.535466457258	0.4912744270390761
0.001426958478987217	8257.676365523945	0.4912744270390761
0.001455784775316715	8408.247306846777	0.4912744270390761
0.0014851936139166357	8561.281244712067	0.4912744270390761
0.0015151965199038384	8716.799337113442	0.4912744270390761
0.0015458054840564715	8874.832834655279	0.4912744270390761
0.0015770328463986507	9035.406756726541	0.4912744270390761
0.001608890830539166	9198.543406724102	0.4912744270390761
0.0016413925914093848	9364.274695612341	0.4912744270390761
0.0016745509346947074	9532.621180769744	0.4912744270390761
0.001708379015326501	9703.609004853073	0.4912744270390761
0.0017428906867280607	9877.264584773475	0.4912744270390761
0.0017780993366613993	10053.607611869405	0.4912744270390761
0.001814019284211099	10232.661890840125	0.4912744270390761
0.001850664848461748	10414.449893770643	0.4912744270390761
0.0018880506977438912	10598.993308910553	0.4912744270390761
0.001926192780956625	10786.319207042083	0.4912744270390761
0.0019651043694466357	10976.433666859559	0.4912744270390761
0.002004801994189619	11169.365512788148	0.4912744270390761
0.0020453017204999924	11365.130396376791	0.4912744270390761
0.0020866196136921644	11563.747903175443	0.4912744270390761
0.002128771971911191	11765.230881759107	0.4912744270390761
0.0021717760246247044	11969.598238384302	0.4912744270390761
0.002215648768469689	12176.861327601031	0.4912744270390761
0.0022604078985750684	12387.035637530058	0.4912744270390761
0.002306071110069751	12600.131503371727	0.4912744270390761
0.002352656796574592	12816.158201683356	0.4912744270390761
0.0024001835845410824	13035.125597176147	0.4912744270390761
0.0024486703332513566	13257.043013360764	0.4912744270390761
0.0024981368333101273	13481.914947518122	0.4912744270390761
0.002548602409660814	13709.748306106356	0.4912744270390761
0.002600087551400067	13940.544804072011	0.4912744270390761
0.002652612747624517	14174.303927306402	0.4912744270390761
0.0027061989530920974	14411.024888717515	0.4912744270390761
0.00276086782105267	14650.71112153623	0.4912744270390761
0.0028166410047560917	14893.356794596903	0.4912744270390761
0.0028735410887748007	15138.952555388321	0.4912744270390761
0.002931590192019938	15387.491141432158	0.4912744270390761
0.002990812296047808	15638.964582866263	0.4912744270390761
0.003051230451092124	15893.358110908297	0.4912744270390761
0.003112869337201119	16150.661849688933	0.4912744270390761
0.003175753401592373	16410.85367426138	0.4912744270390761
0.0032399094197899116	16673.920379372565	0.4912744270390761
0.0033053599763661636	16939.83548531515	0.4912744270390761
0.0033721325453370805	17208.571815625754	0.4912744270390761
0.0034402539022266843	17480.102405326845	0.4912744270390761
0.003509751986712219	17754.399666040663	0.4912744270390761
0.0035806533414870496	18031.427892107466	0.4912744270390761
0.0036529873032122855	18311.15798574223	0.4912744270390761
0.00372678251005709	18593.540827037326	0.4912744270390761
0.003802068298682568	18878.552635072585	0.4912744270390761
0.003878874937072397	19166.072753479682	0.4912744270390761
0.003957233391702177	19456.340551609235	0.4912744270390761
0.004037174861878155	19749.73616137247	0.4912744270390761
0.0041187312453985206	20044.62288488188	0.4912744270390761
0.004201935138553381	20341.982483283988	0.4912744270390761
0.004286819603294133	20641.591550066696	0.4912744270390761
0.004373419098556042	20943.417572799357	0.4912744270390761
0.004461768083274367	21247.382712413786	0.4912744270390761
0.004551901482045649	21553.40939220019	0.4912744270390761
0.0046438560821116	21861.415797709895	0.4912744270390761
0.004737668205052617	22171.31163166503	0.4912744270390761
0.004833375103771686	22483.01209004856	0.4912744270390761
0.004931015428155661	22796.413987435662	0.4912744270390761
0.005030628759413961	23111.45001983452	0.4912744270390761
0.005132254213094711	23427.879812103947	0.4912744270390761
0.005235932301729918	23745.39098106852	0.4912744270390761
0.00534170772880316	24064.5915157587	0.4912744270390761
0.0054496172815561295	24384.87461098023	0.4912744270390761
0.005559706129133701	24706.20076710428	0.4912744270390761
0.005672019906342031	25028.42159472157	0.4912744270390761
0.005786602385342121	25351.402498217252	0.4912744270390761
0.005903499666601419	25674.996182196017	0.4912744270390761
0.0060227578505873715	25999.05901975746	0.4912744270390761
0.006144425366073845	26323.42559529399	0.4912744270390761
0.00626855064183474	26647.981483291373	0.4912744270390761
0.006395183969289065	26972.657076458927	0.4912744270390761
0.0065243751741945735	27296.982154614172	0.4912744270390761
0.006656176410615444	27620.961251114222	0.4912744270390761
0.006790639832615857	27944.381870856163	0.4912744270390761
0.006927819922566412	28267.05136962265	0.4912744270390761
0.00706777069717646	28588.76767820501	0.4912744270390761
0.0072105489671230325	28909.327876253574	0.4912744270390761
0.007356211543083194	29228.498338839512	0.4912744270390761
0.007504817098379136	29546.018904610475	0.4912744270390761
0.007656424306333065	29861.767592065753	0.4912744270390761
0.007811094168573624	30175.434520039056	0.4912744270390761
0.007968888618052008	30486.777140884114	0.4912744270390761
0.008129870519042013	30795.55849081959	0.4912744270390761
0.008294104598462575	31101.503324309357	0.4912744270390761
0.008461656980216507	31404.354431798423	0.4912744270390761
0.008632592856884003	31703.846327276555	0.4912744270390761
0.008806983008980751	31999.660210200283	0.4912744270390761
0.00898490007966757	32291.535786247045	0.4912744270390761
0.009166406467556957	32579.16618467074	0.4912744270390761
0.00935158040374517	32862.246274145786	0.4912744270390761
0.009540494531393048	33140.477768963035	0.4912744270390761
0.009733225218951702	33413.52515234209	0.4912744270390761
0.009929848834872242	33681.0684966301	0.4912744270390761
0.010130445472896097	33942.786249246754	0.4912744270390761
0.010335093364119525	34198.31934081491	0.4912744270390761
0.010543875396251675	34447.326452943475	0.4912744270390761
0.010756876319646837	34689.461559110176	0.4912744270390761
0.010974179953336717	34924.33887031341	0.4912744270390761
0.011195871978998186	35151.6024950403	0.4912744270390761
0.011422043666243548	35370.87136726627	0.4912744270390761
0.011652784422039984	35581.756232695	0.4912744270390761
0.01188818644732237	35783.87651215341	0.4912744270390761
0.012128342874348162	35976.83909972398	0.4912744270390761
0.012373351491987707	36160.25545582666	0.4912744270390761
0.01262330915778875	36333.71433601312	0.4912744270390761
0.012878316454589362	36496.82914403983	0.4912744270390761
0.013138474896550175	36649.19051315658	0.4912744270390761
0.013403890654444691	36790.38132647602	0.4912744270390761
0.013674667105078695	36919.99992571524	0.4912744270390761
0.01395091228187084	37037.65164046876	0.4912744270390761
0.014232739806175235	37142.92732232445	0.4912744270390761
0.014520260505378241	37235.418846943205	0.4912744270390761
0.014813594520092009	37314.73552626127	0.4912744270390761
0.015112848952412612	37380.47676407163	0.4912744270390761
0.01541814953088761	37432.27705622075	0.4912744270390761
0.01572961546480656	37469.69851869436	0.4912744270390761
0.016047367826104168	37492.562817957194	0.4912744270390761
0.016371553763747222	37499.79340511052	0.4912744270390761
0.016702271997928612	37493.74336074232	0.4912744270390761
0.017039688304066655	37464.00513124502	0.4912744270390761
0.017383905127644535	37448.73427748939	0.4912744270390761
0.0177350901067257	37504.000007074035	0.4912744270390761
0.018093355000019067	37425.62875821532	0.4912744270390761
0.01845887303352356	37346.33112220252	0.4912744270390761
0.0188317559659481	37245.7897683846	0.4912744270390761
0.019212193787097927	37129.14559449463	0.4912744270390761
0.019600313156843185	36994.76230049792	0.4912744270390761
0.01999625749886036	36842.93439431041	0.4912744270390761
0.020400216802954667	36673.240809810704	0.4912744270390761
0.02081231772899627	36486.26219534123	0.4912744270390761
0.02123276330530643	36279.65558948987	0.4912744270390761
0.021661683917045593	36061.8581873908	0.4912744270390761
0.02209929004311561	35800.88189404639	0.4912744270390761
0.0225457139313221	35451.666022104866	0.4912744270390761
0.0230011772364378	35182.676854158926	0.4912744270390761
0.023465819656848904	34883.386984958386	0.4912744270390761
0.023939872160553936	34570.59319015745	0.4912744270390761
0.02442347817122936	34240.24114790475	0.4912744270390761
0.024916876107454307	33893.98595628789	0.4912744270390761
0.02542021870613098	33531.6018756021	0.4912744270390761
0.02593375369906425	33155.128714163795	0.4912744270390761
0.026457635685801506	32759.849373371984	0.4912744270390761
0.026992129161953936	32366.484914757188	0.4912744270390761
0.02753739058971406	32003.425064291245	0.4912744270390761
0.02809369564056396	31566.019875529386	0.4912744270390761
0.028661211952567097	31125.096707182714	0.4912744270390761
0.029240220785140977	30671.155343200437	0.4912744270390761
0.029830897226929658	30207.961908749556	0.4912744270390761
0.030433535575866703	29735.788207155543	0.4912744270390761
0.031048320233821862	29255.96855654481	0.4912744270390761
0.031675551086664214	28769.57739846736	0.4912744270390761
0.0323154553771019	28277.81987254561	0.4912744270390761
0.03296825289726257	27781.991098870836	0.4912744270390761
0.0336342714726925	27283.285517734163	0.4912744270390761
0.034313712269067764	26783.20378180746	0.4912744270390761
0.035006910562515245	26283.218884399324	0.4912744270390761
0.03571407869458197	25784.057838882305	0.4912744270390761
0.036435566842556	25287.44969326378	0.4912744270390761
0.03717159852385521	24794.727312487106	0.4912744270390761
0.037922531366348274	24307.2741937318	0.4912744270390761
0.03868859633803367	23826.41279031379	0.4912744270390761
0.03947017714381218	23353.198783901997	0.4912744270390761
0.04026750847697258	22888.896225789318	0.4912744270390761
0.04108098521828651	22434.570646722877	0.4912744270390761
0.04191085323691369	21991.32960507544	0.4912744270390761
0.04275752976536751	21560.1329425357	0.4912744270390761
0.04362126812338829	21141.930971853653	0.4912744270390761
0.04450249299407004	20737.46560789816	0.4912744270390761
0.045401483774185174	20347.400335757706	0.4912744270390761
0.04631867632269861	19972.218791433097	0.4912744270390761
0.047254350036382675	19612.233228657344	0.4912744270390761
0.04820897057652475	19267.557939172722	0.4912744270390761
0.04918283596634864	18938.21162071454	0.4912744270390761
0.05017641931772231	18624.039051871947	0.4912744270390761
0.05119002237915992	18324.776426572706	0.4912744270390761
0.05222415179014205	18039.89005263133	0.4912744270390761
0.05327918007969856	17768.597913975285	0.4912744270390761
0.05435546115040779	17509.88791221056	0.4912744270390761
0.055453538894653334	17262.14497566607	0.4912744270390761
0.05657374486327172	17023.980105698054	0.4912744270390761
0.057716637849807746	16792.382457973712	0.4912744270390761
0.05888256430625916	16569.75959255361	0.4912744270390761
0.06007209792733193	16360.466602374914	0.4912744270390761
0.0612856037914753	16140.44942641879	0.4912744270390761
0.06252367794513701	15921.226945830513	0.4912744270390761
0.06378671526908877	15698.784102608059	0.4912744270390761
0.06507532298564911	15471.605121121782	0.4912744270390761
0.06638989597558977	15237.347810201773	0.4912744270390761
0.06773108989000319	14993.687142473174	0.4912744270390761
0.06909931451082231	14738.374670313036	0.4912744270390761
0.07049524784088135	14469.511849470655	0.4912744270390761
0.07191931456327437	14185.821228471817	0.4912744270390761
0.07337221503257751	13886.551082856135	0.4912744270390761
0.07485438883304595	13571.408121631539	0.4912744270390761
0.07636658102273942	13240.327770383223	0.4912744270390761
0.07790925353765489	12893.750442554918	0.4912744270390761
0.07948315888643265	12532.35011348945	0.4912744270390761
0.08108878880739212	12158.008700278966	0.4912744270390761
0.08272692561149599	11773.453105945546	0.4912744270390761
0.08439807593822478	11382.111472800338	0.4912744270390761
0.08610307425260545	10987.585944371034	0.4912744270390761
0.08784241974353789	10593.583792832707	0.4912744270390761
0.08961699903011322	10203.676057473876	0.4912744270390761
0.09142742305994035	9821.523135903224	0.4912744270390761
0.09327434003353116	9450.847260082022	0.4912744270390761
0.095158651471138	9095.339650583232	0.4912744270390761
0.09708093106746676	8758.582270032946	0.4912744270390761
0.09904213994741441	8443.621382494195	0.4912744270390761
0.10104287415742877	8152.768891174342	0.4912744270390761
0.10308412462472913	7887.3074488367865	0.4912744270390761
0.10516651719808581	7647.656627868448	0.4912744270390761
0.10729106515645982	7433.408444591188	0.4912744270390761
0.10945843905210498	7243.406375554614	0.4912744270390761
0.11166969686746601	7075.675051605177	0.4912744270390761
0.1139255166053772	6927.3327745306715	0.4912744270390761
0.11622700840234756	6794.641572818665	0.4912744270390761
0.118574894964695	6673.2358652235225	0.4912744270390761
0.12097033113241193	6558.251815077302	0.4912744270390761
0.12341402471065524	6444.5133919259815	0.4912744270390761
0.12590721249580386	6326.765192331583	0.4912744270390761
0.12845064699649808	6200.31695831425	0.4912744270390761
0.1310455799102783	6061.528342477999	0.4912744270390761
0.13369281589984897	5907.870672761288	0.4912744270390761
0.1363936513662338	5737.791865869821	0.4912744270390761
0.13914892077445984	5551.374092191271	0.4912744270390761
0.14195998013019562	5350.688904371566	0.4912744270390761
0.1448276787996292	5139.204452554255	0.4912744270390761
0.14775346219539642	4921.25601274016	0.4912744270390761
0.15073834359645846	4702.3597187857795	0.4912744270390761
0.15378338098526	4488.6305088615545	0.4912744270390761
0.1568900942802429	4285.453025681618	0.4912744270390761
0.16005939245224	4097.369224460521	0.4912744270390761
0.16329288482666016	3927.9582765556647	0.4912744270390761
0.16659153997898102	3779.2713558951527	0.4912744270390761
0.1699569970369339	3651.6294241235846	0.4912744270390761
0.17339026927947998	3543.627995571204	0.4912744270390761
0.17689307034015658	3452.032628241945	0.4912744270390761
0.18046644330024722	3372.391779966683	0.4912744270390761
0.1841122061014175	3299.453864858532	0.4912744270390761
0.18783141672611237	3227.6906812896373	0.4912744270390761
0.1916259527206421	3151.6646737040355	0.4912744270390761
0.19549694657325745	3067.0255905973645	0.4912744270390761
0.19944635033607477	2971.6341191951497	0.4912744270390761
0.20347532629966736	2865.208670355582	0.4912744270390761
0.20758591592311865	2749.512791546164	0.4912744270390761
0.21177931129932404	2628.3393090142454	0.4912744270390761
0.2160576283931732	2506.5886933724832	0.4912744270390761
0.22042217850685122	2389.5235285890467	0.4912744270390761
0.2248750925064087	2281.4607084249064	0.4912744270390761
0.22941777110099787	2185.5462463197296	0.4912744270390761
0.23405241966247559	2103.0241754195895	0.4912744270390761
0.23878046870231626	2032.9675015289995	0.4912744270390761
0.2436042875051498	1972.6846277717982	0.4912744270390761
0.2485255300998688	1918.235988159582	0.4912744270390761
0.25354593992233276	1865.2519035031362	0.4912744270390761
0.2586680054664612	1809.783968018148	0.4912744270390761
0.2638933360576629	1749.2424392232904	0.4912744270390761
0.26922446489334106	1683.0741516663784	0.4912744270390761
0.2746630012989044	1612.6266671409312	0.4912744270390761
0.28021171689033514	1540.7506934049568	0.4912744270390761
0.28587222099304194	1470.9936420674082	0.4912744270390761
0.29164737462997437	1406.4042021119967	0.4912744270390761
0.2975388765335083	1348.8531029390815	0.4912744270390761
0.3035497069358826	1298.5898077009958	0.4912744270390761
0.30968165397644043	1254.1292349762055	0.4912744270390761
0.3159377872943878	1212.9870043395272	0.4912744270390761
0.32231998443603516	1172.4535945800574	0.4912744270390761
0.3288314342498779	1130.4337429512564	0.4912744270390761
0.33547410368919367	1086.2525700962337	0.4912744270390761
0.3422513008117676	1040.6037984169407	0.4912744270390761
0.3491650521755219	995.2672564087625	0.4912744270390761
0.35621881484985357	952.1802116012819	0.4912744270390761
0.3634147346019745	912.6696751669001	0.4912744270390761
0.3707563579082489	877.0067337924042	0.4912744270390761
0.3782459497451782	844.3386824347124	0.4912744270390761
0.3858872056007385	813.2443034981306	0.4912744270390761
0.39368247985839844	782.3767721451414	0.4912744270390761
0.4016355574131012	751.089784273428	0.4912744270390761
0.409748911857605	719.6208666150892	0.4912744270390761
0.4180265963077545	688.8640323057604	0.4912744270390761
0.4264715015888214	659.7340272264588	0.4912744270390761
0.43508657813072205	632.7034975459992	0.4912744270390761
0.44387611746788025	607.5365564023535	0.4912744270390761
0.45284274220466614	583.5755985389699	0.4912744270390761
0.46199101209640503	560.1508414091888	0.4912744270390761
0.4713236093521118	536.9967302742792	0.4912744270390761
0.480845183134079	514.2932772637124	0.4912744270390761
0.4905586838722229	492.4720088444093	0.4912744270390761
0.5004688501358032	471.83503263092445	0.4912744270390761
0.5105787515640259	452.3639128187299	0.4912744270390761
0.5208933353424072	433.76917333680666	0.4912744270390761
0.5314158201217651	415.7429647037815	0.4912744270390761
0.5421513915061951	398.18711471296825	0.4912744270390761
0.5531033277511597	381.225041305923	0.4912744270390761
0.5642769932746887	365.0043826852125	0.4912744270390761
0.5756758451461792	349.5716294106578	0.4912744270390761
0.5873055458068848	334.82503851071266	0.4912744270390761
0.5991696119308472	320.6242549518979	0.4912744270390761
0.6112739443778992	306.9038460594144	0.4912744270390761
0.6236221194267273	293.70889244745297	0.4912744270390761
0.6362204551696777	281.08657881595514	0.4912744270390761
0.6490726470947266	269.0205471336582	0.4912744270390761
0.6621850728988647	257.44934870011195	0.4912744270390761
0.6755617260932922	246.32551809121173	0.4912744270390761
0.6892093420028687	235.6386967768851	0.4912744270390761
0.7031325697898865	225.4002153329665	0.4912744270390761
0.7173364758491516	215.6017482599867	0.4912744270390761
0.7318279147148132	206.20861819855182	0.4912744270390761
0.746611475944519	197.19750734908345	0.4912744270390761
0.7616943717002869	188.55879697350983	0.4912744270390761
0.7770812511444092	180.28330432727873	0.4912744270390761
0.7927797436714172	172.3567507777961	0.4912744270390761
0.8087944984436035	164.7602223900141	0.4912744270390761
0.8251336216926575	157.4815232871102	0.4912744270390761
0.8418020009994507	150.51173461002278	0.4912744270390761
0.8588079810142517	143.83649642889606	0.4912744270390761
0.8761565685272217	137.44492400869322	0.4912744270390761
0.8938565254211426	131.32345484604556	0.4912744270390761
0.9119131565093994	125.46447099479043	0.4912744270390761
0.9303354024887085	119.85597668930149	0.4912744270390761
0.949129045009613	114.48855989657493	0.4912744270390761
0.9683031439781189	109.35165265519619	0.4912744270390761
0.9878636598587036	104.43646514824161	0.4912744270390761
1.0078202486038208	99.73329362770114	0.4912744270390761
1.0281790494918823	95.23367254934831	0.4912744270390761
1.0489501953125	90.92892714503655	0.4912744270390761
1.070139765739441	86.81162467681447	0.4912744270390761
1.0917586088180542	82.87311720804404	0.4912744270390761
1.113813042640686	79.10693071504602	0.4912744270390761
1.136314034461975	75.50545512369695	0.4912744270390761
1.1592696905136108	72.06227277226998	0.4912744270390761
1.1826878786087036	68.7706977793721	0.4912744270390761
1.2065802812576294	65.62443365205672	0.4912744270390761
1.2309542894363403	62.61723419094629	0.4912744270390761
1.255821704864502	59.742942126612455	0.4912744270390761
1.2811903953552246	56.99632115042472	0.4912744270390761
1.3070727586746216	54.37142755405934	0.4912744270390761
1.3334767818450928	51.86350160551546	0.4912744270390761
1.3604153394699097	49.46738100400862	0.4912744270390761
1.3878967761993408	47.17854388718661	0.4912744270390761
1.4159349203109741	44.99217814073562	0.4912744270390761
1.4445379972457886	42.90424747227503	0.4912744270390761
1.4737203121185303	40.910163859563106	0.4912744270390761
1.503490686416626	39.005943625044125	0.4912744270390761
1.5338637828826904	37.187590544281	0.4912744270390761
1.5648492574691772	35.45148496421026	0.4912744270390761
1.5964618921279907	33.793938479538525	0.4912744270390761
1.6287118196487427	32.2116937265541	0.4912744270390761
1.6616147756576538	30.701363480495527	0.4912744270390761
1.6951807737350464	29.259970187983487	0.4912744270390761
1.7294265031814575	27.884284415427818	0.4912744270390761
1.7643623352050781	26.571537946609734	0.4912744270390761
1.8000056743621826	25.318814475361346	0.4912744270390761
1.8363672494888303	24.12358091497486	0.4912744270390761
1.8734651803970337	22.9832228564761	0.4912744270390761
1.9113107919692993	21.895420869284635	0.4912744270390761
1.9499226808547974	20.857747529880953	0.4912744270390761
1.9893145561218262	19.867975580290818	0.4912744270390761
2.0295004844665527	18.923975576532605	0.4912744270390761
2.070500135421753	18.023652378468572	0.4912744270390761
2.11232590675354	17.16512161817723	0.4912744270390761
2.154998540878296	16.346477067638236	0.4912744270390761
2.19853138923645	15.565954061974296	0.4912744270390761
2.242945671081543	14.821753248000313	0.4912744270390761
2.288254976272583	14.112307116276293	0.4912744270390761
2.334482192993164	13.435980030690185	0.4912744270390761
2.3816404342651367	12.791354369208303	0.4912744270390761
2.4297537803649902	12.176911949101465	0.4912744270390761
2.478837013244629	11.591330248090703	0.4912744270390761
2.528913974761963	11.033250615693305	0.4912744270390761
2.580000162124634	10.501456229563436	0.4912744270390761
2.6321208477020264	9.994711149223143	0.4912744270390761
2.6852917671203613	9.511919694504781	0.4912744270390761
2.7395396232604976	9.051925226241273	0.4912744270390761
2.794880390167236	8.613696980726703	0.4912744270390761
2.8513422012329106	8.196240572613835	0.4912744270390761
2.9089415073394775	7.798597307541449	0.4912744270390761
2.967707395553589	7.419835928397492	0.4912744270390761
3.0276577472686768	7.0590966337441365	0.4912744270390761
3.0888218879699707	6.715529863886058	0.4912744270390761
3.151218891143799	6.388359232518248	0.4912744270390761
3.214878797531128	6.076806039951648	0.4912744270390761
3.279825448989868	5.780136681230455	0.4912744270390761
3.346080780029297	5.497686186988323	0.4912744270390761
3.413677453994751	5.2287633485750105	0.4912744270390761
3.48263669013977	4.972756264496313	0.4912744270390761
3.5529923439025874	4.729035115051586	0.4912744270390761
3.6247656345367427	4.497047719695748	0.4912744270390761
3.6979923248291025	4.276221315089161	0.4912744270390761
3.7726948261260986	4.066049257178982	0.4912744270390761
3.848910093307495	3.866010434414416	0.4912744270390761
3.9266612529754643	3.6756422900785166	0.4912744270390761
4.005986690521241	3.4944724200759767	0.4912744270390761
4.086911201477051	3.3220832346792397	0.4912744270390761
4.169474124908447	3.1580429686418316	0.4912744270390761
4.253701210021973	3.0019707996453837	0.4912744270390761
4.339633464813232	2.853473823420249	0.4912744270390761
4.427297592163086	2.712205675822739	0.4912744270390761
4.516737461090088	2.5778095090505806	0.4912744270390761
4.607978820800781	2.4499674355026873	0.4912744270390761
4.70106840133667	2.328355712730368	0.4912744270390761
4.796033859252931	2.212689063565996	0.4912744270390761
4.892922878265381	2.1026676608161368	0.4912744270390761
4.991764068603515	1.9980353918229383	0.4912744270390761
5.092606544494629	1.8985207900332264	0.4912744270390761