#  k [h/Mpc]          Pk/s8^2 [Mpc/h]^3          s8
5.3832945923204525e-6	40.22520214075504	0.41695084907824087
5.492044692800844e-6	41.00499256171696	0.41695084907824087
5.602991222986015e-6	41.79989098479581	0.41695084907824087
5.71617920286372e-6	42.61019666950209	0.41695084907824087
5.831653652421664e-6	43.4362252291358	0.41695084907824087
5.949460501142307e-6	44.27824449159015	0.41695084907824087
6.069647952244846e-6	45.136604937471034	0.41695084907824087
6.192262844706423e-6	46.0115993743024	0.41695084907824087
6.3173547459882735e-6	46.90355722484116	0.41695084907824087
6.4449741330463515e-6	47.81280736919138	0.41695084907824087
6.575171028089249e-6	48.73967383962882	0.41695084907824087
6.707998181809679e-6	49.68451796506883	0.41695084907824087
6.8435087996476796e-6	50.647674366086314	0.41695084907824087
6.981756541790679e-6	51.62949479310251	0.41695084907824087
7.122797342162812e-6	52.63036881567879	0.41695084907824087
7.2666875894355986e-6	53.650622734998564	0.41695084907824087
7.413485036522603e-6	54.69067390969479	0.41695084907824087
7.5632465268427074e-6	55.75087209025321	0.41695084907824087
7.716034815530298e-6	56.831626176318906	0.41695084907824087
7.871908564993646e-6	57.9333356581365	0.41695084907824087
8.030931894609227e-6	59.05641151096153	0.41695084907824087
8.193167559511487e-6	60.20123760241804	0.41695084907824087
8.358680133824245e-6	61.368254069420544	0.41695084907824087
8.527536920155397e-6	62.55791156104822	0.41695084907824087
8.699804311618209e-6	63.77062649077085	0.41695084907824087
8.875552339304699e-6	65.00685257253073	0.41695084907824087
9.054850124812226e-6	66.26703144769816	0.41695084907824087
9.237770427716884e-6	67.55165446660544	0.41695084907824087
9.42438600759488e-6	68.86117656668651	0.41695084907824087
9.614770533517013e-6	70.19606985885292	0.41695084907824087
9.809003131522333e-6	71.55686772681922	0.41695084907824087
0.000010007157470681691	72.94402517823785	0.41695084907824087
0.000010209315405518282	74.35806511389339	0.41695084907824087
0.000010415557881060505	75.79954048198326	0.41695084907824087
0.000010625965842336889	77.26894895835443	0.41695084907824087
0.000010840623872354637	78.76682609337871	0.41695084907824087
0.000011059620192099837	80.29375312771255	0.41695084907824087
0.000011283037565590357	81.85027586385283	0.41695084907824087
0.00001151097148976987	83.43697800233772	0.41695084907824087
0.000011743507457140366	85.05442113332452	0.41695084907824087
0.000011980741874140228	86.70324521510476	0.41695084907824087
0.000012222769328218419	88.38403181232407	0.41695084907824087
0.000012469685316318665	90.09738183218198	0.41695084907824087
0.000012721589882858103	91.84394466913207	0.41695084907824087
0.000012978583072253965	93.62437488751634	0.41695084907824087
0.00001324076765740755	95.43932838073187	0.41695084907824087
0.00001350824913970427	97.28945103967276	0.41695084907824087
0.000013781134839518936	99.17543919267075	0.41695084907824087
0.000014059531167731634	101.09798624549875	0.41695084907824087
0.000014343552720674764	103.05781974821575	0.41695084907824087
0.000014633312275691415	105.0556257364117	0.41695084907824087
0.000014928924429113989	107.09216200387873	0.41695084907824087
0.000015230508324748354	109.16816973074	0.41695084907824087
0.000015538184015895237	111.28442406041626	0.41695084907824087
0.000015852077922318134	113.44171599892515	0.41695084907824087
0.00001617231100681238	115.64081559094987	0.41695084907824087
0.00001649901241762563	117.88252492912008	0.41695084907824087
0.000016832314940984378	120.16773548180836	0.41695084907824087
0.000017172349544125592	122.49719338389751	0.41695084907824087
0.00001751925447024406	124.87184959571212	0.41695084907824087
0.000017873167962534357	127.2925259036142	0.41695084907824087
0.00001823423008318059	129.76011809839767	0.41695084907824087
0.00001860258453234565	132.27553831462384	0.41695084907824087
0.00001897838228615001	134.83971970567472	0.41695084907824087
0.000019361770682735372	137.45363560587262	0.41695084907824087
0.00001975290433620106	140.11819767485824	0.41695084907824087
0.000020151937860646305	142.83437662558245	0.41695084907824087
0.000020559036784106862	145.60328732671337	0.41695084907824087
0.000020974357539671456	148.42582764867186	0.41695084907824087
0.00002139806747436524	151.3030925095627	0.41695084907824087
0.00002183033575420271	154.23608908906226	0.41695084907824087
0.000022271337002166554	157.2259871189098	0.41695084907824087
0.00002272124766022901	160.27379910664172	0.41695084907824087
0.000023180249627330337	163.38074342851326	0.41695084907824087
0.000023648521164432168	166.5478843225055	0.41695084907824087
0.000024126253265421855	169.77641000218202	0.41695084907824087
0.000024613633286207908	173.06752157547027	0.41695084907824087
0.000025110863134614195	176.42243647466455	0.41695084907824087
0.000025618135623517467	179.84239803779226	0.41695084907824087
0.00002613565629872031	183.32862477280977	0.41695084907824087
0.000026663634344004078	186.88244384799413	0.41695084907824087
0.000027202273486182104	190.50513615660117	0.41695084907824087
0.000027751795641961548	194.19806229220058	0.41695084907824087
0.000028312419090070806	197.9625581919888	0.41695084907824087
0.000028884367566206482	201.80001813788647	0.41695084907824087
0.000029467868444044133	205.71186354180435	0.41695084907824087
0.000030063161830184968	209.69954410855925	0.41695084907824087
0.000030670478736283224	213.7645266324518	0.41695084907824087
0.000031290062906919034	217.90827905171534	0.41695084907824087
0.000031922165362630026	222.1323744399397	0.41695084907824087
0.000032567033485975116	226.438317803476	0.41695084907824087
0.000033224929211428355	230.8277081787369	0.41695084907824087
0.000033896121749421555	235.30226118517467	0.41695084907824087
0.00003458086939644997	239.8634761806247	0.41695084907824087
0.00003527944863890294	244.51307483711574	0.41695084907824087
0.0000359921396011487	249.25281547089472	0.41695084907824087
0.00003671922968351278	254.08442841295619	0.41695084907824087
0.000037461006286321215	259.0097076182741	0.41695084907824087
0.00003821776408585719	264.03040702786484	0.41695084907824087
0.00003898981958627702	269.1484887448792	0.41695084907824087
0.00003977746746386408	274.3657586222109	0.41695084907824087
0.000040581024222774465	279.6840520458475	0.41695084907824087
0.000041400813643122085	285.10543155060213	0.41695084907824087
0.00004223716314299965	290.63194042113133	0.41695084907824087
0.00004309041105443616	296.2655750485737	0.41695084907824087
0.00004396089570946057	302.0083516866918	0.41695084907824087
0.00004484896271605977	307.86245951452645	0.41695084907824087
0.000045754968596156605	313.8299840286772	0.41695084907824087
0.00004667929169954734	319.91319685106276	0.41695084907824087
0.00004762227399623955	326.114301781889	0.41695084907824087
0.000048584304749965735	332.4355625296712	0.41695084907824087
0.00004956577686243698	338.87928387701413	0.41695084907824087
0.000050567068683449145	345.4479354252269	0.41695084907824087
0.00005158859130460773	352.1439217604337	0.41695084907824087
0.00005263074854156009	358.96954810027245	0.41695084907824087
0.000053693958761869	365.92747693603565	0.41695084907824087
0.00005477865124703387	373.02030252996946	0.41695084907824087
0.00005588524800259622	380.2504831969935	0.41695084907824087
0.00005701420377590698	387.6208452401858	0.41695084907824087
0.00005816596967633813	395.13397758044806	0.41695084907824087
0.0000593409968132619	402.7927272755782	0.41695084907824087
0.00006053977995179594	410.59997986921485	0.41695084907824087
0.00006176275928737601	418.55836915533797	0.41695084907824087
0.00006301045505097132	426.670968271899	0.41695084907824087
0.00006428334745578468	434.9407764178667	0.41695084907824087
0.00006558195309480648	443.37076356408994	0.41695084907824087
0.00006690679583698507	451.96410097264067	0.41695084907824087
0.00006825839955126868	460.72382967669256	0.41695084907824087
0.0000696373099344782	469.653408612708	0.41695084907824087
0.00007104407268343497	478.7558851328587	0.41695084907824087
0.00007247926259879031	488.03483513297147	0.41695084907824087
0.00007394343992928044	497.4934626714734	0.41695084907824087
0.00007543719402747222	507.1353146481918	0.41695084907824087
0.00007696112152189019	516.9639033815903	0.41695084907824087
0.00007851585542084646	526.9830026549271	0.41695084907824087
0.00008010198507690791	537.196010831997	0.41695084907824087
0.00008172015077434479	547.6069187629763	0.41695084907824087
0.00008337100734934218	558.2194964659335	0.41695084907824087
0.00008505520963808526	569.0375671174621	0.41695084907824087
0.00008677344158058991	580.0651770235125	0.41695084907824087
0.00008852637256495652	591.3063321725017	0.41695084907824087
0.00009031472291098898	602.7650495029843	0.41695084907824087
0.00009213919838657605	614.4456798200106	0.41695084907824087
0.0000940005265874789	626.3525900452482	0.41695084907824087
0.00009589947148924698	638.4902740809306	0.41695084907824087
0.0000978367679635995	650.8625744537742	0.41695084907824087
0.00009981319453800107	663.4746177060345	0.41695084907824087
0.00010182957339566193	676.3309404865228	0.41695084907824087
0.00010388666851213194	689.4359567408625	0.41695084907824087
0.00010598531662253655	702.7946767942191	0.41695084907824087
0.0001081263617379591	716.412084318132	0.41695084907824087
0.00011031066242139786	730.2930717188326	0.41695084907824087
0.00011253908451180906	744.4425571051228	0.41695084907824087
0.0001148125156760216	758.8659126513608	0.41695084907824087
0.0001171318799606524	773.56822599624	0.41695084907824087
0.00011949810141231852	788.5552470653181	0.41695084907824087
0.00012191212590550998	803.8323579091515	0.41695084907824087
0.00012437491386663152	819.4050732654641	0.41695084907824087
0.00012688744754996156	835.278839120359	0.41695084907824087
0.00012945073831360782	851.4595519928494	0.41695084907824087
0.00013206583389546725	867.9537655783262	0.41695084907824087
0.00013473375292960557	884.7667126572576	0.41695084907824087
0.0001374555577058346	901.9046027930334	0.41695084907824087
0.0001402323250658809	919.3740639118981	0.41695084907824087
0.00014306521916296344	937.181288397482	0.41695084907824087
0.00014595531683880836	955.3326776019471	0.41695084907824087
0.0001489037967985496	973.8351230385047	0.41695084907824087
0.00015191186685115085	992.6950770607369	0.41695084907824087
0.0001549806765979156	1011.9195762646837	0.41695084907824087
0.00015811149205546807	1031.515681651133	0.41695084907824087
0.00016130555013660323	1051.490336433791	0.41695084907824087
0.00016456414596177638	1071.8508433198779	0.41695084907824087
0.00016788860375527314	1092.605155199656	0.41695084907824087
0.00017128017498180262	1113.759712319142	0.41695084907824087
0.00017474024207331235	1135.3227178273987	0.41695084907824087
0.0001782702311174945	1157.3025676189168	0.41695084907824087
0.00018187153909821071	1179.7063782383123	0.41695084907824087
0.00018554557755123805	1202.5426778386557	0.41695084907824087
0.000189293845323846	1225.8197211280208	0.41695084907824087
0.00019311782671138658	1249.5457360112725	0.41695084907824087
0.0001970190496649595	1273.7295536376519	0.41695084907824087
0.0002009991003433245	1298.3797635779622	0.41695084907824087
0.00020505955035332585	1323.505434138873	0.41695084907824087
0.0002092020295094699	1349.1155673754515	0.41695084907824087
0.00021342818217817678	1375.2191723490184	0.41695084907824087
0.00021773976914118986	1401.8261290524895	0.41695084907824087
0.00022213840566109866	1428.945577638961	0.41695084907824087
0.00022662588162347658	1456.5871294468407	0.41695084907824087
0.00023120403056964278	1484.7609515422344	0.41695084907824087
0.00023587465693708523	1513.4773412572201	0.41695084907824087
0.00024063963792286832	1542.7463947650424	0.41695084907824087
0.00024550087982788655	1572.5786583927456	0.41695084907824087
0.0002504603180568665	1602.9845399701426	0.41695084907824087
0.00025551993167027804	1633.975045695631	0.41695084907824087
0.00026068178704008444	1665.5615243829473	0.41695084907824087
0.00026594789233058707	1697.7550432319645	0.41695084907824087
0.0002713204012252388	1730.5663467564602	0.41695084907824087
0.0002768014383036642	1764.0084271321984	0.41695084907824087
0.00028239324456080816	1798.0926174500821	0.41695084907824087
0.00028809794457629323	1832.8301923351157	0.41695084907824087
0.0002939179248642178	1868.2345113560195	0.41695084907824087
0.00029985545552335685	1904.3172164017378	0.41695084907824087
0.00030591292306780815	1941.091411550926	0.41695084907824087
0.00031209277221932996	1978.5699409435128	0.41695084907824087
0.00031839747680351116	2016.7663386705897	0.41695084907824087
0.00032482951064594074	2055.693305633177	0.41695084907824087
0.0003313914930913598	2095.364754117025	0.41695084907824087
0.0003380860434845092	2135.7949603999505	0.41695084907824087
0.00034491583937779064	2176.9973143938896	0.41695084907824087
0.0003518835874274374	2218.987096947371	0.41695084907824087
0.0003589921107050029	2261.7782326623214	0.41695084907824087
0.00036624420317821194	2305.3846615517828	0.41695084907824087
0.00037364283343777077	2349.8225327155947	0.41695084907824087
0.00038119088276289425	2395.107119998464	0.41695084907824087
0.0003888914943672718	2441.2539428639593	0.41695084907824087
0.00039674757863394927	2488.27787259467	0.41695084907824087
0.0004047623951919378	2536.195959844096	0.41695084907824087
0.00041293932008557016	2585.025759109917	0.41695084907824087
0.00042128126369789226	2634.7809463980557	0.41695084907824087
0.00042979168938472867	2685.479511635933	0.41695084907824087
0.00043847406050190346	2737.1390982506787	0.41695084907824087
0.00044733184040524065	2789.776484974563	0.41695084907824087
0.0004563684924505651	2843.409010104502	0.41695084907824087
0.0004655877419281751	2898.056008272692	0.41695084907824087
0.00047499322681687767	2953.7335603157317	0.41695084907824087
0.00048458873061463237	3010.462537093369	0.41695084907824087
0.0004943780368193983	3068.259357926291	0.41695084907824087
0.0005043651326559483	3127.1441933609685	0.41695084907824087
0.0005145540344528854	3187.136925899457	0.41695084907824087
0.0005249487003311518	3248.255485484415	0.41695084907824087
0.0005355533212423326	3310.520650398614	0.41695084907824087
0.0005463722045533356	3373.9516729806146	0.41695084907824087
0.0005574096576310695	3438.5705878586127	0.41695084907824087
0.0005686701042577629	3504.397188476382	0.41695084907824087
0.0005801579682156444	3571.451050076613	0.41695084907824087
0.0005918779061175887	3639.754920008221	0.41695084907824087
0.000603834632784128	3709.330670786725	0.41695084907824087
0.0006160328630357986	3780.1990144639876	0.41695084907824087
0.000628477544523776	3852.382161588339	0.41695084907824087
0.000641173624899238	3925.9027880068315	0.41695084907824087
0.0006541261682286859	4000.7835778896847	0.41695084907824087
0.0006673403549939396	4077.0463642971627	0.41695084907824087
0.000680821540299803	4154.716112187747	0.41695084907824087
0.0006945753702893851	4233.8163176692515	0.41695084907824087
0.0007086067344062027	4314.3683546032835	0.41695084907824087
0.0007229215116240086	4396.396963583806	0.41695084907824087
0.0007375255227088933	4479.926818217048	0.41695084907824087
0.0007524244138039651	4564.982085323055	0.41695084907824087
0.0007676244131289421	4651.588138207568	0.41695084907824087
0.0007831314578652384	4739.769624305643	0.41695084907824087
0.0007989517762325708	4829.552425469224	0.41695084907824087
0.0008150916546583177	4920.960068393286	0.41695084907824087
0.0008315575541928413	5014.020214094638	0.41695084907824087
0.0008483561687171459	5108.758428427103	0.41695084907824087
0.0008654940756969156	5205.20043802171	0.41695084907824087
0.0008829782018437978	5303.37199058908	0.41695084907824087
0.0009008154738694433	5403.301409326433	0.41695084907824087
0.0009190131677314636	5505.014968666998	0.41695084907824087
0.0009375784429721536	5608.538474007169	0.41695084907824087
0.0009565186919644477	5713.9020405079145	0.41695084907824087
0.0009758416563272478	5821.1299240770795	0.41695084907824087
0.000995554961264134	5930.250657919599	0.41695084907824087
0.0010156665230169888	6041.292592993705	0.41695084907824087
0.0010361843742430204	6154.28413107114	0.41695084907824087
0.0010571165475994349	6269.251263043476	0.41695084907824087
0.0010784717742353684	6386.22418580227	0.41695084907824087
0.001100258319638669	6505.2313723729585	0.41695084907824087
0.0011224849149584779	6626.2994714990555	0.41695084907824087
0.0011451612226665024	6749.462231637878	0.41695084907824087
0.0011682949261739844	6874.7383904312055	0.41695084907824087
0.0011918960371986032	7002.163753200832	0.41695084907824087
0.001215973985381425	7131.764727338711	0.41695084907824087
0.0012405382003635164	7263.570118878234	0.41695084907824087
0.0012655986938625568	7397.608805284771	0.41695084907824087
0.001291165477596223	7533.909681461155	0.41695084907824087
0.001317248679697514	7672.499200289839	0.41695084907824087
0.0013438588939607141	7813.4090153356865	0.41695084907824087
0.0013710065977647896	7956.664964439562	0.41695084907824087
0.0013987028505653136	8102.295268320385	0.41695084907824087
0.001426958478987217	8250.328875152562	0.41695084907824087
0.001455784775316715	8400.791240393397	0.41695084907824087
0.0014851936139166357	8553.712215817446	0.41695084907824087
0.0015151965199038384	8709.119502449574	0.41695084907824087
0.0015458054840564715	8867.037513105864	0.41695084907824087
0.0015770328463986507	9027.493578964684	0.41695084907824087
0.001608890830539166	9190.513015660239	0.41695084907824087
0.0016413925914093848	9356.123702038147	0.41695084907824087
0.0016745509346947074	9524.348923950412	0.41695084907824087
0.001708379015326501	9695.213469978578	0.41695084907824087
0.0017428906867280607	9868.744163804127	0.41695084907824087
0.0017780993366613993	10044.957779407277	0.41695084907824087
0.001814019284211099	10223.88368644094	0.41695084907824087
0.001850664848461748	10405.54103537301	0.41695084907824087
0.0018880506977438912	10589.952688221392	0.41695084907824087
0.001926192780956625	10777.143094964826	0.41695084907824087
0.0019651043694466357	10967.124487481415	0.41695084907824087
0.002004801994189619	11159.916260288132	0.41695084907824087
0.0020453017204999924	11355.543908578116	0.41695084907824087
0.0020866196136921644	11554.019358314767	0.41695084907824087
0.002128771971911191	11755.357681640759	0.41695084907824087
0.0021717760246247044	11959.577923249319	0.41695084907824087
0.002215648768469689	12166.695812740005	0.41695084907824087
0.0022604078985750684	12376.718283041193	0.41695084907824087
0.002306071110069751	12589.659620700599	0.41695084907824087
0.002352656796574592	12805.533228332268	0.41695084907824087
0.0024001835845410824	13024.345814975854	0.41695084907824087
0.0024486703332513566	13246.104743150177	0.41695084907824087
0.0024981368333101273	13470.819721001766	0.41695084907824087
0.002548602409660814	13698.488194946269	0.41695084907824087
0.002600087551400067	13929.121900612063	0.41695084907824087
0.002652612747624517	14162.716270412342	0.41695084907824087
0.0027061989530920974	14399.277599310251	0.41695084907824087
0.00276086782105267	14638.797001986199	0.41695084907824087
0.0028166410047560917	14881.270023836743	0.41695084907824087
0.0028735410887748007	15126.696835679704	0.41695084907824087
0.002931590192019938	15375.065382519535	0.41695084907824087
0.002990812296047808	15626.370961611683	0.41695084907824087
0.003051230451092124	15880.589124163149	0.41695084907824087
0.003112869337201119	16137.717729487706	0.41695084907824087
0.003175753401592373	16397.732245355986	0.41695084907824087
0.0032399094197899116	16660.626292438355	0.41695084907824087
0.0033053599763661636	16926.35944884384	0.41695084907824087
0.0033721325453370805	17194.915891243356	0.41695084907824087
0.0034402539022266843	17466.264868535123	0.41695084907824087
0.003509751986712219	17740.384606514308	0.41695084907824087
0.0035806533414870496	18017.233896568778	0.41695084907824087
0.0036529873032122855	18296.781474226133	0.41695084907824087
0.00372678251005709	18578.984295791543	0.41695084907824087
0.003802068298682568	18863.815594047945	0.41695084907824087
0.003878874937072397	19151.15189286183	0.41695084907824087
0.003957233391702177	19441.240720144695	0.41695084907824087
0.004037174861878155	19734.451786352085	0.41695084907824087
0.0041187312453985206	20029.161839836033	0.41695084907824087
0.004201935138553381	20326.335751814142	0.41695084907824087
0.004286819603294133	20625.760694243825	0.41695084907824087
0.004373419098556042	20927.407403240835	0.41695084907824087
0.004461768083274367	21231.19125454429	0.41695084907824087
0.004551901482045649	21537.038223746033	0.41695084907824087
0.0046438560821116	21844.863743875045	0.41695084907824087
0.004737668205052617	22154.58442681623	0.41695084907824087
0.004833375103771686	22466.112969206697	0.41695084907824087
0.004931015428155661	22779.33625313581	0.41695084907824087
0.005030628759413961	23094.20067529091	0.41695084907824087
0.005132254213094711	23410.458003320706	0.41695084907824087
0.005235932301729918	23727.800285668374	0.41695084907824087
0.00534170772880316	24046.83169415223	0.41695084907824087
0.0054496172815561295	24366.949908255934	0.41695084907824087
0.005559706129133701	24688.113367926584	0.41695084907824087
0.005672019906342031	25010.171639595683	0.41695084907824087
0.005786602385342121	25332.9946880635	0.41695084907824087
0.005903499666601419	25656.42799041629	0.41695084907824087
0.0060227578505873715	25980.341060116938	0.41695084907824087
0.006144425366073845	26304.55382770875	0.41695084907824087
0.00626855064183474	26628.96636103461	0.41695084907824087
0.006395183969289065	26953.498915142885	0.41695084907824087
0.0065243751741945735	27277.684834867945	0.41695084907824087
0.006656176410615444	27601.528676019017	0.41695084907824087
0.006790639832615857	27924.813749945886	0.41695084907824087
0.006927819922566412	28247.360078618465	0.41695084907824087
0.00706777069717646	28568.95810741252	0.41695084907824087
0.0072105489671230325	28889.40206571613	0.41695084907824087
0.007356211543083194	29208.46083124214	0.41695084907824087
0.007504817098379136	29525.876267118456	0.41695084907824087
0.007656424306333065	29841.52306309646	0.41695084907824087
0.007811094168573624	30155.09884687143	0.41695084907824087
0.007968888618052008	30466.35736346602	0.41695084907824087
0.008129870519042013	30775.0538956767	0.41695084907824087
0.008294104598462575	31080.926064095293	0.41695084907824087
0.008461656980216507	31383.6980023473	0.41695084907824087
0.008632592856884003	31683.124280808075	0.41695084907824087
0.008806983008980751	31978.88143918407	0.41695084907824087
0.00898490007966757	32270.712570280397	0.41695084907824087
0.009166406467556957	32558.290004379985	0.41695084907824087
0.00935158040374517	32841.334790834364	0.41695084907824087
0.009540494531393048	33119.53408923173	0.41695084907824087
0.009733225218951702	33392.55954766939	0.41695084907824087
0.009929848834872242	33660.09005492012	0.41695084907824087
0.010130445472896097	33921.79934906108	0.41695084907824087
0.010335093364119525	34177.33490433111	0.41695084907824087
0.010543875396251675	34426.354905703854	0.41695084907824087
0.010756876319646837	34668.50319275743	0.41695084907824087
0.010974179953336717	34903.41515107336	0.41695084907824087
0.011195871978998186	35130.71856134819	0.41695084907824087
0.011422043666243548	35350.03206752394	0.41695084907824087
0.011652784422039984	35560.97657237648	0.41695084907824087
0.01188818644732237	35763.16428548934	0.41695084907824087
0.012128342874348162	35956.201254015534	0.41695084907824087
0.012373351491987707	36139.700872165486	0.41695084907824087
0.01262330915778875	36313.249466217734	0.41695084907824087
0.012878316454589362	36476.46070023682	0.41695084907824087
0.013138474896550175	36628.93399466923	0.41695084907824087
0.013403890654444691	36770.24459408299	0.41695084907824087
0.013674667105078695	36899.99548453778	0.41695084907824087
0.01395091228187084	37017.78600327921	0.41695084907824087
0.014232739806175235	37123.208622440405	0.41695084907824087
0.014520260505378241	37215.8662446511	0.41695084907824087
0.014813594520092009	37295.35025896765	0.41695084907824087
0.015112848952412612	37361.26938307594	0.41695084907824087
0.01541814953088761	37413.25404570263	0.41695084907824087
0.01572961546480656	37450.868705148525	0.41695084907824087
0.016047367826104168	37473.934201534525	0.41695084907824087
0.016371553763747222	37481.381922493165	0.41695084907824087
0.016702271997928612	37475.55775143724	0.41695084907824087
0.017039688304066655	37446.05557266723	0.41695084907824087
0.017383905127644535	37431.01823660889	0.41695084907824087
0.0177350901067257	37486.47753494655	0.41695084907824087
0.018093355000019067	37408.366403964574	0.41695084907824087
0.01845887303352356	37329.32921377172	0.41695084907824087
0.0188317559659481	37229.05378676077	0.41695084907824087
0.019212193787097927	37112.68104318412	0.41695084907824087
0.019600313156843185	36978.58501363622	0.41695084907824087
0.01999625749886036	36827.050840970674	0.41695084907824087
0.020400216802954667	36657.65647534589	0.41695084907824087
0.02081231772899627	36470.983539619505	0.41695084907824087
0.02123276330530643	36264.68006903628	0.41695084907824087
0.021661683917045593	36047.200795841214	0.41695084907824087
0.02209929004311561	35786.55218681149	0.41695084907824087
0.0225457139313221	35437.689005237255	0.41695084907824087
0.0230011772364378	35169.02641822997	0.41695084907824087
0.023465819656848904	34870.06499251764	0.41695084907824087
0.023939872160553936	34557.60531158918	0.41695084907824087
0.02442347817122936	34227.597184655104	0.41695084907824087
0.024916876107454307	33881.67523378297	0.41695084907824087
0.02542021870613098	33519.62465883451	0.41695084907824087
0.02593375369906425	33143.49346480525	0.41695084907824087
0.026457635685801506	32748.55926431221	0.41695084907824087
0.026992129161953936	32355.5254956551	0.41695084907824087
0.02753739058971406	31992.790148019787	0.41695084907824087
0.02809369564056396	31555.71825544894	0.41695084907824087
0.028661211952567097	31115.12725614269	0.41695084907824087
0.029240220785140977	30661.522871803372	0.41695084907824087
0.029830897226929658	30198.6588247937	0.41695084907824087
0.030433535575866703	29726.814492630652	0.41695084907824087
0.031048320233821862	29247.313668058967	0.41695084907824087
0.031675551086664214	28761.229796838914	0.41695084907824087
0.0323154553771019	28269.792648162802	0.41695084907824087
0.03296825289726257	27774.2679134008	0.41695084907824087
0.0336342714726925	27275.868089152973	0.41695084907824087
0.034313712269067764	26776.078801382508	0.41695084907824087
0.035006910562515245	26276.38127388378	0.41695084907824087
0.03571407869458197	25777.502468797706	0.41695084907824087
0.036435566842556	25281.168415778913	0.41695084907824087
0.03717159852385521	24788.71154011736	0.41695084907824087
0.037922531366348274	24301.51541015063	0.41695084907824087
0.03868859633803367	23820.905108949006	0.41695084907824087
0.03947017714381218	23347.930275581097	0.41695084907824087
0.04026750847697258	22883.85988004398	0.41695084907824087
0.04108098521828651	22429.76192072102	0.41695084907824087
0.04191085323691369	21986.73596268193	0.41695084907824087
0.04275752976536751	21555.744138768023	0.41695084907824087
0.04362126812338829	21137.746374877213	0.41695084907824087
0.04450249299407004	20733.469389664133	0.41695084907824087
0.045401483774185174	20343.584210030738	0.41695084907824087
0.04631867632269861	19968.579810590494	0.41695084907824087
0.047254350036382675	19608.768607604077	0.41695084907824087
0.04820897057652475	19264.248034916174	0.41695084907824087
0.04918283596634864	18935.056120758687	0.41695084907824087
0.05017641931772231	18621.030925622097	0.41695084907824087
0.05119002237915992	18321.908390054	0.41695084907824087
0.05222415179014205	18037.15145258964	0.41695084907824087
0.05327918007969856	17765.989208391235	0.41695084907824087
0.05435546115040779	17507.398558362485	0.41695084907824087
0.055453538894653334	17259.77465668037	0.41695084907824087
0.05657374486327172	17021.72436801118	0.41695084907824087
0.057716637849807746	16790.23357036719	0.41695084907824087
0.05888256430625916	16567.71504754949	0.41695084907824087
0.06007209792733193	16358.523197875824	0.41695084907824087
0.0612856037914753	16138.60035188002	0.41695084907824087
0.06252367794513701	15919.47491289916	0.41695084907824087
0.06378671526908877	15697.12540143508	0.41695084907824087
0.06507532298564911	15470.033181069522	0.41695084907824087
0.06638989597558977	15235.861878182564	0.41695084907824087
0.06773108989000319	14992.291246815861	0.41695084907824087
0.06909931451082231	14737.06174256751	0.41695084907824087
0.07049524784088135	14468.278338557135	0.41695084907824087
0.07191931456327437	14184.666382052623	0.41695084907824087
0.07337221503257751	13885.474404783561	0.41695084907824087
0.07485438883304595	13570.40438326488	0.41695084907824087
0.07636658102273942	13239.400074822262	0.41695084907824087
0.07790925353765489	12892.893282513827	0.41695084907824087
0.07948315888643265	12531.561433031344	0.41695084907824087
0.08108878880739212	12157.288333739789	0.41695084907824087
0.08272692561149599	11772.797931268073	0.41695084907824087
0.08439807593822478	11381.516093738619	0.41695084907824087
0.08610307425260545	10987.047007765568	0.41695084907824087
0.08784241974353789	10593.098126584648	0.41695084907824087
0.08961699903011322	10203.23946458476	0.41695084907824087
0.09142742305994035	9821.135127937554	0.41695084907824087
0.09327434003353116	9450.501531219335	0.41695084907824087
0.095158651471138	9095.034251841129	0.41695084907824087
0.09708093106746676	8758.314870230353	0.41695084907824087
0.09904213994741441	8443.389212825467	0.41695084907824087
0.10104287415742877	8152.565576423165	0.41695084907824087
0.10308412462472913	7887.132097118008	0.41695084907824087
0.10516651719808581	7647.508419241588	0.41695084907824087
0.10729106515645982	7433.283034873446	0.41695084907824087
0.10945843905210498	7243.303966782402	0.41695084907824087
0.11166969686746601	7075.592829485149	0.41695084907824087
0.1139255166053772	6927.269745481707	0.41695084907824087
0.11622700840234756	6794.59585652738	0.41695084907824087
0.118574894964695	6673.206470034955	0.41695084907824087
0.12097033113241193	6558.238302410316	0.41695084907824087
0.12341402471065524	6444.514079688783	0.41695084907824087
0.12590721249580386	6326.779856543418	0.41695084907824087
0.12845064699649808	6200.344231516475	0.41695084907824087
0.1310455799102783	6061.566863659788	0.41695084907824087
0.13369281589984897	5907.9212538426245	0.41695084907824087
0.1363936513662338	5737.853731386012	0.41695084907824087
0.13914892077445984	5551.444091424345	0.41695084907824087
0.14195998013019562	5350.765035534971	0.41695084907824087
0.1448276787996292	5139.286749102864	0.41695084907824087
0.14775346219539642	4921.344066168534	0.41695084907824087
0.15073834359645846	4702.451763426022	0.41695084907824087
0.15378338098526	4488.726491292185	0.41695084907824087
0.1568900942802429	4285.5519055716595	0.41695084907824087
0.16005939245224	4097.469638967956	0.41695084907824087
0.16329288482666016	3928.061345994067	0.41695084907824087
0.16659153997898102	3779.3758777577314	0.41695084907824087
0.1699569970369339	3651.7355578563734	0.41695084907824087
0.17339026927947998	3543.7359679771853	0.41695084907824087
0.17689307034015658	3452.142744089076	0.41695084907824087
0.18046644330024722	3372.5034847032016	0.41695084907824087
0.1841122061014175	3299.5672923008065	0.41695084907824087
0.18783141672611237	3227.806091003194	0.41695084907824087
0.1916259527206421	3151.781645924795	0.41695084907824087
0.19549694657325745	3067.1430815669573	0.41695084907824087
0.19944635033607477	2971.751840481207	0.41695084907824087
0.20347532629966736	2865.325604678307	0.41695084907824087
0.20758591592311865	2749.627609385517	0.41695084907824087
0.21177931129932404	2628.452338741658	0.41695084907824087
0.2160576283931732	2506.6988609105642	0.41695084907824087
0.22042217850685122	2389.630411303328	0.41695084907824087
0.2248750925064087	2281.5653086584316	0.41695084907824087
0.22941777110099787	2185.6488659233287	0.41695084907824087
0.23405241966247559	2103.124808169536	0.41695084907824087
0.23878046870231626	2033.066996895631	0.41695084907824087
0.2436042875051498	1972.7823967192446	0.41695084907824087
0.2485255300998688	1918.3326345854339	0.41695084907824087
0.25354593992233276	1865.347335742452	0.41695084907824087
0.2586680054664612	1809.8779886771438	0.41695084907824087
0.2638933360576629	1749.3349561560278	0.41695084907824087
0.26922446489334106	1683.1642599489269	0.41695084907824087
0.2746630012989044	1612.714192817192	0.41695084907824087
0.28021171689033514	1540.8356249942121	0.41695084907824087
0.28587222099304194	1471.0755992651777	0.41695084907824087
0.29164737462997437	1406.4833772171737	0.41695084907824087
0.2975388765335083	1348.9299942290056	0.41695084907824087
0.3035497069358826	1298.6645873078135	0.41695084907824087
0.30968165397644043	1254.2024212773242	0.41695084907824087
0.3159377872943878	1213.0583801798011	0.41695084907824087
0.32231998443603516	1172.52339208879	0.41695084907824087
0.3288314342498779	1130.5016079204163	0.41695084907824087
0.33547410368919367	1086.3182331625285	0.41695084907824087
0.3422513008117676	1040.6671042020037	0.41695084907824087
0.3491650521755219	995.3283737039367	0.41695084907824087
0.35621881484985357	952.2390923681792	0.41695084907824087
0.3634147346019745	912.7266035561278	0.41695084907824087
0.3707563579082489	877.0615336542335	0.41695084907824087
0.3782459497451782	844.3920611910116	0.41695084907824087
0.3858872056007385	813.2960481644266	0.41695084907824087
0.39368247985839844	782.4268897456886	0.41695084907824087
0.4016355574131012	751.138131927158	0.41695084907824087
0.409748911857605	719.6674757661366	0.41695084907824087
0.4180265963077545	688.908962684148	0.41695084907824087
0.4264715015888214	659.7771382343325	0.41695084907824087
0.43508657813072205	632.7451693041373	0.41695084907824087
0.44387611746788025	607.5766922674749	0.41695084907824087
0.45284274220466614	583.6144194289805	0.41695084907824087
0.46199101209640503	560.1881403290481	0.41695084907824087
0.4713236093521118	537.0327912869427	0.41695084907824087
0.480845183134079	514.3278923587035	0.41695084907824087
0.4905586838722229	492.50520360630884	0.41695084907824087
0.5004688501358032	471.86700305956003	0.41695084907824087
0.5105787515640259	452.39462041081333	0.41695084907824087
0.5208933353424072	433.79887203057535	0.41695084907824087
0.5314158201217651	415.77157663505363	0.41695084907824087
0.5421513915061951	398.21454896150163	0.41695084907824087
0.5531033277511597	381.25128074375937	0.41695084907824087
0.5642769932746887	365.0296412574705	0.41695084907824087
0.5756758451461792	349.59596077209403	0.41695084907824087
0.5873055458068848	334.8483751183678	0.41695084907824087
0.5991696119308472	320.64660151613685	0.41695084907824087
0.6112739443778992	306.92539061884537	0.41695084907824087
0.6236221194267273	293.7294937910016	0.41695084907824087
0.6362204551696777	281.1063989323622	0.41695084907824087
0.6490726470947266	269.03958119298755	0.41695084907824087
0.6621850728988647	257.46753233668244	0.41695084907824087
0.6755617260932922	246.34297020160176	0.41695084907824087
0.6892093420028687	235.65543470448418	0.41695084907824087
0.7031325697898865	225.41626662125967	0.41695084907824087
0.7173364758491516	215.617109125296	0.41695084907824087
0.7318279147148132	206.22336483657426	0.41695084907824087
0.746611475944519	197.2116231213849	0.41695084907824087
0.7616943717002869	188.57231370093479	0.41695084907824087
0.7770812511444092	180.29625832001003	0.41695084907824087
0.7927797436714172	172.3691693073578	0.41695084907824087
0.8087944984436035	164.77212030883254	0.41695084907824087
0.8251336216926575	157.4929185680756	0.41695084907824087
0.8418020009994507	150.52263647765216	0.41695084907824087
0.8588079810142517	143.84690190352907	0.41695084907824087
0.8761565685272217	137.45488194457562	0.41695084907824087
0.8938565254211426	131.3329922275782	0.41695084907824087
0.9119131565093994	125.47356546172072	0.41695084907824087
0.9303354024887085	119.8646739536492	0.41695084907824087
0.949129045009613	114.49691405573091	0.41695084907824087
0.9683031439781189	109.35962548179867	0.41695084907824087
0.9878636598587036	104.44408308316889	0.41695084907824087
1.0078202486038208	99.74057957176129	0.41695084907824087
1.0281790494918823	95.24062828156583	0.41695084907824087
1.0489501953125	90.93557593456025	0.41695084907824087
1.070139765739441	86.81799452493188	0.41695084907824087
1.0917586088180542	82.8792046393133	0.41695084907824087
1.113813042640686	79.11272056040092	0.41695084907824087
1.136314034461975	75.51100303502945	0.41695084907824087
1.1592696905136108	72.06757753553813	0.41695084907824087
1.1826878786087036	68.77576431713048	0.41695084907824087
1.2065802812576294	65.62926983936582	0.41695084907824087
1.2309542894363403	62.62183936773328	0.41695084907824087
1.255821704864502	59.747339570728286	0.41695084907824087
1.2811903953552246	57.00052904458757	0.41695084907824087
1.3070727586746216	54.37544170559589	0.41695084907824087
1.3334767818450928	51.86733535099255	0.41695084907824087
1.3604153394699097	49.47103015005538	0.41695084907824087
1.3878967761993408	47.182026563669496	0.41695084907824087
1.4159349203109741	44.99549924360698	0.41695084907824087
1.4445379972457886	42.90742234448462	0.41695084907824087
1.4737203121185303	40.91319935975946	0.41695084907824087
1.503490686416626	39.008835475489676	0.41695084907824087
1.5338637828826904	37.1903439094793	0.41695084907824087
1.5648492574691772	35.45411175318958	0.41695084907824087
1.5964618921279907	33.79644815395726	0.41695084907824087
1.6287118196487427	32.21408728988904	0.41695084907824087
1.6616147756576538	30.70364027098618	0.41695084907824087
1.6951807737350464	29.2621455110823	0.41695084907824087
1.7294265031814575	27.886357903703903	0.41695084907824087
1.7643623352050781	26.573513382729825	0.41695084907824087
1.8000056743621826	25.32069524969484	0.41695084907824087
1.8363672494888303	24.125377377789075	0.41695084907824087
1.8734651803970337	22.984933998302868	0.41695084907824087
1.9113107919692993	21.89705072301454	0.41695084907824087
1.9499226808547974	20.859303888477694	0.41695084907824087
1.9893145561218262	19.86945394584523	0.41695084907824087
2.0295004844665527	18.925386331156446	0.41695084907824087
2.070500135421753	18.024994373369733	0.41695084907824087
2.11232590675354	17.166403103434355	0.41695084907824087
2.154998540878296	16.347693861005396	0.41695084907824087
2.19853138923645	15.567114507045986	0.41695084907824087
2.242945671081543	14.822856423242667	0.41695084907824087
2.288254976272583	14.113360735747955	0.41695084907824087
2.334482192993164	13.436982347595904	0.41695084907824087
2.3816404342651367	12.792310386652796	0.41695084907824087
2.4297537803649902	12.177822878201624	0.41695084907824087
2.478837013244629	11.592195368904152	0.41695084907824087
2.528913974761963	11.034071697553767	0.41695084907824087
2.580000162124634	10.502241114377172	0.41695084907824087
2.6321208477020264	9.995460032500455	0.41695084907824087
2.6852917671203613	9.512630721577665	0.41695084907824087
2.7395396232604976	9.05260122895301	0.41695084907824087
2.794880390167236	8.614341306343798	0.41695084907824087
2.8513422012329106	8.196851887353	0.41695084907824087
2.9089415073394775	7.799179135557842	0.41695084907824087
2.967707395553589	7.420391014947851	0.41695084907824087
3.0276577472686768	7.059624579118177	0.41695084907824087
3.0888218879699707	6.7160322110026325	0.41695084907824087
3.151218891143799	6.388836399717227	0.41695084907824087
3.214878797531128	6.077261036659628	0.41695084907824087
3.279825448989868	5.780568864922483	0.41695084907824087
3.346080780029297	5.4980980950446074	0.41695084907824087
3.413677453994751	5.229155216236837	0.41695084907824087
3.48263669013977	4.973128593121024	0.41695084907824087
3.5529923439025874	4.72938887202831	0.41695084907824087
3.6247656345367427	4.497384222362324	0.41695084907824087
3.6979923248291025	4.276542136803173	0.41695084907824087
3.7726948261260986	4.066353896396905	0.41695084907824087
3.848910093307495	3.8662993928587457	0.41695084907824087
3.9266612529754643	3.6759176489161467	0.41695084907824087
4.005986690521241	3.4947343847576207	0.41695084907824087
4.086911201477051	3.322332908558358	0.41695084907824087
4.169474124908447	3.158280054995054	0.41695084907824087
4.253701210021973	3.0021950249573677	0.41695084907824087
4.339633464813232	2.853687517502609	0.41695084907824087
4.427297592163086	2.7124092267629427	0.41695084907824087
4.516737461090088	2.578002473890597	0.41695084907824087
4.607978820800781	2.4501509147970877	0.41695084907824087
4.70106840133667	2.328529760124046	0.41695084907824087
4.796033859252931	2.2128549356372775	0.41695084907824087
4.892922878265381	2.102825395069883	0.41695084907824087
4.991764068603515	1.9981850975732027	0.41695084907824087
5.092606544494629	1.8986635539446661	0.41695084907824087