0.0000053833 38.8052206231 0.4553291259
0.0000054920 39.5574740455 0.4553291259
0.0000056030 40.3243104905 0.4553291259
0.0000057162 41.1060126531 0.4553291259
0.0000058317 41.9028687082 0.4553291259
0.0000059495 42.7151724163 0.4553291259
0.0000060696 43.5432232322 0.4553291259
0.0000061923 44.3873264152 0.4553291259
0.0000063174 45.2477931414 0.4553291259
0.0000064450 46.1249406189 0.4553291259
0.0000065752 47.0190922039 0.4553291259
0.0000067080 47.9305775209 0.4553291259
0.0000068435 48.8597325830 0.4553291259
0.0000069818 49.8068999168 0.4553291259
0.0000071228 50.7724286878 0.4553291259
0.0000072667 51.7566748296 0.4553291259
0.0000074135 52.7600011750 0.4553291259
0.0000075632 53.7827775892 0.4553291259
0.0000077160 54.8253811070 0.4553291259
0.0000078719 55.8881960708 0.4553291259
0.0000080309 56.9716142729 0.4553291259
0.0000081932 58.0760350995 0.4553291259
0.0000083587 59.2018656781 0.4553291259
0.0000085275 60.3495210273 0.4553291259
0.0000086998 61.5194242101 0.4553291259
0.0000088756 62.7120064893 0.4553291259
0.0000090549 63.9277074868 0.4553291259
0.0000092378 65.1669753454 0.4553291259
0.0000094244 66.4302668940 0.4553291259
0.0000096148 67.7180478160 0.4553291259
0.0000098090 69.0307928207 0.4553291259
0.0000100072 70.3689858184 0.4553291259
0.0000102093 71.7331200986 0.4553291259
0.0000104156 73.1236985119 0.4553291259
0.0000106260 74.5412336551 0.4553291259
0.0000108406 75.9862480602 0.4553291259
0.0000110596 77.4592743868 0.4553291259
0.0000112830 78.9608556186 0.4553291259
0.0000115110 80.4915452631 0.4553291259
0.0000117435 82.0519075561 0.4553291259
0.0000119807 83.6425176689 0.4553291259
0.0000122228 85.2639619209 0.4553291259
0.0000124697 86.9168379949 0.4553291259
0.0000127216 88.6017551581 0.4553291259
0.0000129786 90.3193344860 0.4553291259
0.0000132408 92.0702090915 0.4553291259
0.0000135082 93.8550243579 0.4553291259
0.0000137811 95.6744381771 0.4553291259
0.0000140595 97.5291211916 0.4553291259
0.0000143436 99.4197570418 0.4553291259
0.0000146333 101.3470426176 0.4553291259
0.0000149289 103.3116894878 0.4553291259
0.0000152305 105.3144203348 0.4553291259
0.0000155382 107.3559744766 0.4553291259
0.0000158521 109.4371039617 0.4553291259
0.0000161723 111.5585758015 0.4553291259
0.0000164990 113.7211721092 0.4553291259
0.0000168323 115.9256906195 0.4553291259
0.0000171723 118.1729419603 0.4553291259
0.0000175193 120.4637562646 0.4553291259
0.0000178732 122.7989775820 0.4553291259
0.0000182342 125.1794665123 0.4553291259
0.0000186026 127.6061006303 0.4553291259
0.0000189784 130.0797745371 0.4553291259
0.0000193618 132.6013993703 0.4553291259
0.0000197529 135.1719051167 0.4553291259
0.0000201519 137.7922389684 0.4553291259
0.0000205590 140.4633673679 0.4553291259
0.0000209744 143.1862734777 0.4553291259
0.0000213981 145.9619619126 0.4553291259
0.0000218303 148.7914552671 0.4553291259
0.0000222713 151.6757961321 0.4553291259
0.0000227212 154.6160480045 0.4553291259
0.0000231802 157.6132947268 0.4553291259
0.0000236485 160.6686409708 0.4553291259
0.0000241263 163.7832123904 0.4553291259
0.0000246136 166.9581568772 0.4553291259
0.0000251109 170.1946451178 0.4553291259
0.0000256181 173.4938689966 0.4553291259
0.0000261357 176.8570455256 0.4553291259
0.0000266636 180.2854124302 0.4553291259
0.0000272023 183.7802347372 0.4553291259
0.0000277518 187.3427992149 0.4553291259
0.0000283124 190.9744201394 0.4553291259
0.0000288844 194.6764347485 0.4553291259
0.0000294679 198.4502068953 0.4553291259
0.0000300632 202.2971282973 0.4553291259
0.0000306705 206.2186154761 0.4553291259
0.0000312901 210.2161133167 0.4553291259
0.0000319222 214.2910957592 0.4553291259
0.0000325670 218.4450646465 0.4553291259
0.0000332249 222.6795492532 0.4553291259
0.0000338961 226.9961100421 0.4553291259
0.0000345809 231.3963375719 0.4553291259
0.0000352794 235.8818535866 0.4553291259
0.0000359921 240.4543097396 0.4553291259
0.0000367192 245.1153916019 0.4553291259
0.0000374610 249.8668149133 0.4553291259
0.0000382178 254.7103315432 0.4553291259
0.0000389898 259.6477240473 0.4553291259
0.0000397775 264.6808127657 0.4553291259
0.0000405810 269.8114522076 0.4553291259
0.0000414008 275.0415314546 0.4553291259
0.0000422372 280.3729772411 0.4553291259
0.0000430904 285.8077523058 0.4553291259
0.0000439609 291.3478598021 0.4553291259
0.0000448490 296.9953385263 0.4553291259
0.0000457550 302.7522701680 0.4553291259
0.0000466793 308.6207741291 0.4553291259
0.0000476223 314.6030119958 0.4553291259
0.0000485843 320.7011857106 0.4553291259
0.0000495658 326.9175398505 0.4553291259
0.0000505671 333.2543633015 0.4553291259
0.0000515886 339.7139920033 0.4553291259
0.0000526307 346.2988026509 0.4553291259
0.0000536940 353.0112203166 0.4553291259
0.0000547787 359.8537150846 0.4553291259
0.0000558852 366.8288039603 0.4553291259
0.0000570142 373.9390573771 0.4553291259
0.0000581660 381.1870919487 0.4553291259
0.0000593410 388.5755742139 0.4553291259
0.0000605398 396.1072240247 0.4553291259
0.0000617628 403.7848110385 0.4553291259
0.0000630105 411.6111609276 0.4553291259
0.0000642833 419.5891553230 0.4553291259
0.0000655820 427.7217283250 0.4553291259
0.0000669068 436.0118714656 0.4553291259
0.0000682584 444.4626336922 0.4553291259
0.0000696373 453.0771241510 0.4553291259
0.0000710441 461.8585106426 0.4553291259
0.0000724793 470.8100242534 0.4553291259
0.0000739434 479.9349544182 0.4553291259
0.0000754372 489.2366563643 0.4553291259
0.0000769611 498.7185474585 0.4553291259
0.0000785159 508.3841161824 0.4553291259
0.0000801020 518.2369116400 0.4553291259
0.0000817202 528.2805567458 0.4553291259
0.0000833710 538.5187421542 0.4553291259
0.0000850552 548.9552303788 0.4553291259
0.0000867734 559.5938546238 0.4553291259
0.0000885264 570.4385223797 0.4553291259
0.0000903147 581.4932123082 0.4553291259
0.0000921392 592.7619879116 0.4553291259
0.0000940005 604.2489871399 0.4553291259
0.0000958995 615.9584244828 0.4553291259
0.0000978368 627.8945951158 0.4553291259
0.0000998132 640.0618787774 0.4553291259
0.0001018296 652.4647432510 0.4553291259
0.0001038867 665.1077340021 0.4553291259
0.0001059853 677.9954842952 0.4553291259
0.0001081264 691.1327220693 0.4553291259
0.0001103107 704.5242624466 0.4553291259
0.0001125391 718.1750134129 0.4553291259
0.0001148125 732.0899779663 0.4553291259
0.0001171319 746.2742450583 0.4553291259
0.0001194981 760.7330155167 0.4553291259
0.0001219121 775.4715805504 0.4553291259
0.0001243749 790.4953304220 0.4553291259
0.0001268874 805.8097606699 0.4553291259
0.0001294507 821.4204841737 0.4553291259
0.0001320658 837.3331956767 0.4553291259
0.0001347338 853.5537169206 0.4553291259
0.0001374556 870.0879730717 0.4553291259
0.0001402323 886.9420005731 0.4553291259
0.0001430652 904.1219513086 0.4553291259
0.0001459553 921.6340978134 0.4553291259
0.0001489038 939.4848264055 0.4553291259
0.0001519119 957.6806422590 0.4553291259
0.0001549807 976.2281749766 0.4553291259
0.0001581115 995.1341900758 0.4553291259
0.0001613056 1014.4055665184 0.4553291259
0.0001645641 1034.0493192101 0.4553291259
0.0001678886 1054.0725963466 0.4553291259
0.0001712802 1074.4826722853 0.4553291259
0.0001747402 1095.2869635715 0.4553291259
0.0001782702 1116.4930187920 0.4553291259
0.0001818715 1138.1085415589 0.4553291259
0.0001855456 1160.1413645740 0.4553291259
0.0001892938 1182.5994671226 0.4553291259
0.0001931178 1205.4909874864 0.4553291259
0.0001970190 1228.8242065120 0.4553291259
0.0002009991 1252.6075673920 0.4553291259
0.0002050596 1276.8496570039 0.4553291259
0.0002092020 1301.5592251559 0.4553291259
0.0002134282 1326.7451834235 0.4553291259
0.0002177398 1352.4166121196 0.4553291259
0.0002221384 1378.5827495675 0.4553291259
0.0002266259 1405.2530058114 0.4553291259
0.0002312040 1432.4369673539 0.4553291259
0.0002358747 1460.1443883765 0.4553291259
0.0002406396 1488.3852064316 0.4553291259
0.0002455009 1517.1695226730 0.4553291259
0.0002504603 1546.5076406552 0.4553291259
0.0002555199 1576.4100350365 0.4553291259
0.0002606818 1606.8873775220 0.4553291259
0.0002659479 1637.9505309642 0.4553291259
0.0002713204 1669.6105478523 0.4553291259
0.0002768014 1701.8786746690 0.4553291259
0.0002823932 1734.7663674491 0.4553291259
0.0002880979 1768.2852765857 0.4553291259
0.0002939179 1802.4472490585 0.4553291259
0.0002998555 1837.2643514583 0.4553291259
0.0003059129 1872.7488478150 0.4553291259
0.0003120928 1908.9132249364 0.4553291259
0.0003183975 1945.7701850813 0.4553291259
0.0003248295 1983.3326483222 0.4553291259
0.0003313915 2021.6137508015 0.4553291259
0.0003380860 2060.6268551574 0.4553291259
0.0003449158 2100.3855566467 0.4553291259
0.0003518836 2140.9036674926 0.4553291259
0.0003589921 2182.1952351410 0.4553291259
0.0003662442 2224.2745470037 0.4553291259
0.0003736428 2267.1561328242 0.4553291259
0.0003811909 2310.8547519793 0.4553291259
0.0003888915 2355.3853883626 0.4553291259
0.0003967476 2400.7633073849 0.4553291259
0.0004047624 2447.0039820499 0.4553291259
0.0004129393 2494.1231702188 0.4553291259
0.0004212813 2542.1368490575 0.4553291259
0.0004297917 2591.0612791691 0.4553291259
0.0004384741 2640.9129591047 0.4553291259
0.0004473318 2691.7086456201 0.4553291259
0.0004563685 2743.4653623938 0.4553291259
0.0004655877 2796.2004088978 0.4553291259
0.0004749932 2849.9313283260 0.4553291259
0.0004845887 2904.6759197343 0.4553291259
0.0004943780 2960.4522700904 0.4553291259
0.0005043651 3017.2787289952 0.4553291259
0.0005145540 3075.1738984823 0.4553291259
0.0005249487 3134.1566768792 0.4553291259
0.0005355533 3194.2462386568 0.4553291259
0.0005463722 3255.4620063764 0.4553291259
0.0005574097 3317.8236968672 0.4553291259
0.0005686701 3381.3513088218 0.4553291259
0.0005801580 3446.0651129146 0.4553291259
0.0005918779 3511.9856274268 0.4553291259
0.0006038346 3579.1336954643 0.4553291259
0.0006160329 3647.5304063496 0.4553291259
0.0006284775 3717.1971351313 0.4553291259
0.0006411736 3788.1555007043 0.4553291259
0.0006541262 3860.4274376455 0.4553291259
0.0006673404 3934.0351520417 0.4553291259
0.0006808215 4009.0011108278 0.4553291259
0.0006945754 4085.3480422939 0.4553291259
0.0007086067 4163.0989316127 0.4553291259
0.0007229215 4242.2770756094 0.4553291259
0.0007375255 4322.9060067128 0.4553291259
0.0007524244 4405.0095160666 0.4553291259
0.0007676244 4488.6116321149 0.4553291259
0.0007831315 4573.7366740936 0.4553291259
0.0007989518 4660.4091993456 0.4553291259
0.0008150917 4748.6539732425 0.4553291259
0.0008315576 4838.4960187231 0.4553291259
0.0008483562 4929.9605801488 0.4553291259
0.0008654941 5023.0731455575 0.4553291259
0.0008829782 5117.8594184724 0.4553291259
0.0009008155 5214.3452673737 0.4553291259
0.0009190132 5312.5568218033 0.4553291259
0.0009375784 5412.5204150823 0.4553291259
0.0009565187 5514.2624765032 0.4553291259
0.0009758417 5617.8096741287 0.4553291259
0.0009955550 5723.1888459794 0.4553291259
0.0010156665 5830.4269287816 0.4553291259
0.0010361844 5939.5510647323 0.4553291259
0.0010571165 6050.5884862008 0.4553291259
0.0010784718 6163.5665736935 0.4553291259
0.0011002583 6278.5127690982 0.4553291259
0.0011224849 6395.4546244274 0.4553291259
0.0011451612 6514.4197869187 0.4553291259
0.0011682949 6635.4359367939 0.4553291259
0.0011918960 6758.5306984869 0.4553291259
0.0012159740 6883.7318725709 0.4553291259
0.0012405382 7011.0671902708 0.4553291259
0.0012655987 7140.5643516335 0.4553291259
0.0012911655 7272.2510169452 0.4553291259
0.0013172487 7406.1548221849 0.4553291259
0.0013438589 7542.3033316819 0.4553291259
0.0013710066 7680.7239257196 0.4553291259
0.0013987029 7821.4439064096 0.4553291259
0.0014269585 7964.4904950933 0.4553291259
0.0014557848 8109.8905986752 0.4553291259
0.0014851936 8257.6656111937 0.4553291259
0.0015151965 8407.8476932195 0.4553291259
0.0015458055 8560.4631056667 0.4553291259
0.0015770328 8715.5378760716 0.4553291259
0.0016088908 8873.0975967899 0.4553291259
0.0016413926 9033.1676042841 0.4553291259
0.0016745509 9195.7727786163 0.4553291259
0.0017083790 9360.9375679727 0.4553291259
0.0017428907 9528.6859611799 0.4553291259
0.0017780993 9699.0414507184 0.4553291259
0.0018140193 9872.0269379825 0.4553291259
0.0018506648 10047.6647945598 0.4553291259
0.0018880507 10225.9767335772 0.4553291259
0.0019261928 10406.9863864487 0.4553291259
0.0019651044 10590.7113839291 0.4553291259
0.0020048020 10777.1712734400 0.4553291259
0.0020453017 10966.3848095445 0.4553291259
0.0020866196 11158.3697772360 0.4553291259
0.0021287720 11353.1430816309 0.4553291259
0.0021717760 11550.7206320658 0.4553291259
0.0022156488 11751.1173196389 0.4553291259
0.0022604079 11954.3469612793 0.4553291259
0.0023060711 12160.4222059867 0.4553291259
0.0023526568 12369.3534170613 0.4553291259
0.0024001836 12581.1518465165 0.4553291259
0.0024486703 12795.8264154990 0.4553291259
0.0024981368 13013.3845676785 0.4553291259
0.0025486024 13233.8324300286 0.4553291259
0.0026000876 13457.1744801125 0.4553291259
0.0026526127 13683.4136727972 0.4553291259
0.0027061990 13912.5513714300 0.4553291259
0.0027608678 14144.5877667103 0.4553291259
0.0028166410 14379.5201762415 0.4553291259
0.0028735411 14617.3447094158 0.4553291259
0.0029315902 14858.0554176475 0.4553291259
0.0029908123 15101.6444073857 0.4553291259
0.0030512305 15348.1016908475 0.4553291259
0.0031128693 15597.4150438423 0.4553291259
0.0031757534 15849.5700743055 0.4553291259
0.0032399094 16104.5500148720 0.4553291259
0.0033053600 16362.3356842837 0.4553291259
0.0033721325 16622.9054402441 0.4553291259
0.0034402539 16886.2348632117 0.4553291259
0.0035097520 17152.2969327765 0.4553291259
0.0035806533 17421.0618079589 0.4553291259
0.0036529873 17692.4969042777 0.4553291259
0.0037267825 17966.5664142604 0.4553291259
0.0038020683 18243.2315529623 0.4553291259
0.0038788749 18522.4504763905 0.4553291259
0.0039572334 18804.1779439225 0.4553291259
0.0040371749 19088.3653374072 0.4553291259
0.0041187312 19374.9606811631 0.4553291259
0.0042019351 19663.9084469906 0.4553291259
0.0042868196 19955.1492414241 0.4553291259
0.0043734191 20248.6200016451 0.4553291259
0.0044617681 20544.2538672653 0.4553291259
0.0045519015 20841.9796666013 0.4553291259
0.0046438561 21141.7221512280 0.4553291259
0.0047376682 21443.4017649653 0.4553291259
0.0048333751 21746.9348123735 0.4553291259
0.0049310154 22052.2326884088 0.4553291259
0.0050306288 22359.2022970140 0.4553291259
0.0051322542 22667.7456706371 0.4553291259
0.0052359323 22977.7599335113 0.4553291259
0.0053417077 23289.1372356834 0.4553291259
0.0054496173 23601.7642386378 0.4553291259
0.0055597061 23915.5223947626 0.4553291259
0.0056720199 24230.2876130808 0.4553291259
0.0057866024 24545.9302179738 0.4553291259
0.0059034997 24862.3144954976 0.4553291259
0.0060227579 25179.2988613822 0.4553291259
0.0061444254 25496.7357558451 0.4553291259
0.0062685506 25814.4711972482 0.4553291259
0.0063951840 26132.3446619251 0.4553291259
0.0065243752 26449.0145397922 0.4553291259
0.0066561764 26765.5061901621 0.4553291259
0.0067906398 27081.6433801866 0.4553291259
0.0069278199 27397.2426649300 0.4553291259
0.0070677707 27712.1133675937 0.4553291259
0.0072105490 28026.0581965762 0.4553291259
0.0073562115 28338.8717010393 0.4553291259
0.0075048171 28650.3411657308 0.4553291259
0.0076564243 28960.2459053365 0.4553291259
0.0078110942 29268.3571259184 0.4553291259
0.0079688886 29574.4376309647 0.4553291259
0.0081298705 29878.2420458202 0.4553291259
0.0082941046 30180.6731640169 0.4553291259
0.0084616570 30480.2625550818 0.4553291259
0.0086325929 30776.7329786991 0.4553291259
0.0088069830 31069.7976069160 0.4553291259
0.0089849001 31359.1597902755 0.4553291259
0.0091664065 31644.5127793595 0.4553291259
0.0093515804 31925.5392382744 0.4553291259
0.0095404945 32201.9118471092 0.4553291259
0.0097332252 32473.2924030769 0.4553291259
0.0099298488 32739.3320365986 0.4553291259
0.0101304455 32998.7998355091 0.4553291259
0.0103350934 33252.2486714705 0.4553291259
0.0105438754 33499.2999756815 0.4553291259
0.0107568763 33739.5643894793 0.4553291259
0.0109741800 33972.6411930014 0.4553291259
0.0111958720 34198.1433627660 0.4553291259
0.0114220437 34415.6263983731 0.4553291259
0.0116527844 34624.6573449197 0.4553291259
0.0118881864 34824.7923201628 0.4553291259
0.0121283429 35015.5772203514 0.4553291259
0.0123733515 35196.5491899207 0.4553291259
0.0126233092 35367.2359631326 0.4553291259
0.0128783165 35527.1504024177 0.4553291259
0.0131384749 35675.8135537286 0.4553291259
0.0134038907 35812.7343020432 0.4553291259
0.0136746671 35937.4174814883 0.4553291259
0.0139509123 36049.3656558591 0.4553291259
0.0142327398 36148.0812334728 0.4553291259
0.0145202605 36233.0642273465 0.4553291259
0.0148135945 36303.8391011555 0.4553291259
0.0151128490 36359.9327636152 0.4553291259
0.0154181495 36400.8850894252 0.4553291259
0.0157296155 36426.2543743615 0.4553291259
0.0160473678 36435.6200756364 0.4553291259
0.0163715538 36428.5890286832 0.4553291259
0.0167022720 36404.8009911561 0.4553291259
0.0170396883 36363.9341625744 0.4553291259
0.0173839051 36305.7125741683 0.4553291259
0.0177350901 36229.9166169291 0.4553291259
0.0180933550 36136.3766424980 0.4553291259
0.0184588730 36024.9891265079 0.4553291259
0.0188317560 35895.7171391284 0.4553291259
0.0192121938 35748.5968929492 0.4553291259
0.0196003132 35583.7448850908 0.4553291259
0.0199962575 35401.3629125540 0.4553291259
0.0204002168 35201.7489007679 0.4553291259
0.0208123177 34985.2972773462 0.4553291259
0.0212327633 34752.5036375209 0.4553291259
0.0216616839 34503.9529843780 0.4553291259
0.0220992900 34239.9330611189 0.4553291259
0.0225457139 33961.5817722878 0.4553291259
0.0230011772 33669.7400774736 0.4553291259
0.0234658197 33365.3100673377 0.4553291259
0.0239398722 33049.2492521575 0.4553291259
0.0244234782 32722.5642133916 0.4553291259
0.0249168761 32386.3087962702 0.4553291259
0.0254202187 32041.5729925963 0.4553291259
0.0259337537 31689.4665697806 0.4553291259
0.0264576357 31331.0950180184 0.4553291259
0.0269921292 30967.5394910138 0.4553291259
0.0275373906 30599.8412038574 0.4553291259
0.0280936956 30228.9902754201 0.4553291259
0.0286612120 29855.9192309818 0.4553291259
0.0292402208 29481.4921313117 0.4553291259
0.0298308972 29106.4806762044 0.4553291259
0.0304335356 28731.5345431553 0.4553291259
0.0310483202 28357.1613765699 0.4553291259
0.0316755511 27983.7241704880 0.4553291259
0.0323154554 27611.4421743647 0.4553291259
0.0329682529 27240.3994793958 0.4553291259
0.0336342715 26870.5460502607 0.4553291259
0.0343137123 26501.6990547919 0.4553291259
0.0350069106 26133.5455852612 0.4553291259
0.0357140787 25765.6477148762 0.4553291259
0.0364355668 25397.4646641030 0.4553291259
0.0371715985 25028.3858304959 0.4553291259
0.0379225314 24657.7789845756 0.4553291259
0.0386885963 24285.0359011058 0.4553291259
0.0394701771 23909.6167557501 0.4553291259
0.0402675085 23531.0907407765 0.4553291259
0.0410809852 23149.1768305151 0.4553291259
0.0419108532 22763.7823625960 0.4553291259
0.0427575298 22375.0335167098 0.4553291259
0.0436212681 21983.2869348049 0.4553291259
0.0445024930 21589.1286405202 0.4553291259
0.0454014838 21193.3608236775 0.4553291259
0.0463186763 20796.9787517620 0.4553291259
0.0472543500 20401.1215262202 0.4553291259
0.0482089706 20007.0028854528 0.4553291259
0.0491828360 19616.8058069773 0.4553291259
0.0501764193 19230.8553434004 0.4553291259
0.0511900224 18850.2253454221 0.4553291259
0.0522241518 18475.8034480540 0.4553291259
0.0532791801 18108.2401646394 0.4553291259
0.0543554612 17747.9275456162 0.4553291259
0.0554535389 17394.9569608015 0.4553291259
0.0565737449 17049.0878614745 0.4553291259
0.0577166378 16709.7885286928 0.4553291259
0.0588825643 16376.2927918205 0.4553291259
0.0600720979 16047.6590612744 0.4553291259
0.0612856038 15722.8637066666 0.4553291259
0.0625236779 15400.2600389544 0.4553291259
0.0637867153 15079.5835447866 0.4553291259
0.0650753230 14760.2380546500 0.4553291259
0.0663898960 14441.9540033376 0.4553291259
0.0677310899 14124.8117239549 0.4553291259
0.0690993145 13809.2176549646 0.4553291259
0.0704952478 13495.8600499751 0.4553291259
0.0719193146 13185.6233125081 0.4553291259
0.0733722150 12879.4351391227 0.4553291259
0.0748543888 12578.1480201749 0.4553291259
0.0763665810 12282.7900098884 0.4553291259
0.0779092535 11993.4129511100 0.4553291259
0.0794831589 11710.0640660787 0.4553291259
0.0810887888 11432.4342587303 0.4553291259
0.0827269256 11159.9309675142 0.4553291259
0.0843980759 10891.7731791972 0.4553291259
0.0861030743 10627.1322923165 0.4553291259
0.0878424197 10365.2928812206 0.4553291259
0.0896169990 10105.7858682632 0.4553291259
0.0914274231 9848.4716828666 0.4553291259
0.0932743400 9593.5398501271 0.4553291259
0.0951586515 9341.4452626811 0.4553291259
0.0970809311 9092.7954433603 0.4553291259
0.0990421399 8848.1848902927 0.4553291259
0.1010428742 8608.0615005951 0.4553291259
0.1030841246 8372.6357907411 0.4553291259
0.1051665172 8141.8376912706 0.4553291259
0.1072910652 7915.3625668974 0.4553291259
0.1094584391 7692.7815415405 0.4553291259
0.1116696969 7473.6757490238 0.4553291259
0.1139255166 7257.7779216774 0.4553291259
0.1162270084 7045.0534141046 0.4553291259
0.1185748950 6835.6919459096 0.4553291259
0.1209703311 6630.0425584427 0.4553291259
0.1234140247 6428.4850077437 0.4553291259
0.1259072125 6231.3107746068 0.4553291259
0.1284506470 6038.6453083710 0.4553291259
0.1310455799 5850.4367650442 0.4553291259
0.1336928159 5666.5215519165 0.4553291259
0.1363936514 5486.7205280819 0.4553291259
0.1391489208 5310.9375298907 0.4553291259
0.1419599801 5139.2059826542 0.4553291259
0.1448276788 4971.6672781403 0.4553291259
0.1477534622 4808.5026590327 0.4553291259
0.1507383436 4649.8467757825 0.4553291259
0.1537833810 4495.7329021344 0.4553291259
0.1568900943 4346.0924632302 0.4553291259
0.1600593925 4200.8035835927 0.4553291259
0.1632928848 4059.7568555070 0.4553291259
0.1665915400 3922.9452597569 0.4553291259
0.1699569970 3790.3197341515 0.4553291259
0.1733902693 3661.8800336958 0.4553291259
0.1768930703 3537.5911855088 0.4553291259
0.1804664433 3417.3604902541 0.4553291259
0.1841122061 3301.0542497334 0.4553291259
0.1878314167 3188.5286967104 0.4553291259
0.1916259527 3079.6593757077 0.4553291259
0.1954969466 2974.3421337504 0.4553291259
0.1994463503 2872.4729010733 0.4553291259
0.2034753263 2773.9276788428 0.4553291259
0.2075859159 2678.5615877198 0.4553291259
0.2117793113 2586.2214568302 0.4553291259
0.2160576284 2496.7631901627 0.4553291259
0.2204221785 2410.0562545711 0.4553291259
0.2248750925 2325.9779228048 0.4553291259
0.2294177711 2244.4049809269 0.4553291259
0.2340524197 2165.2161278491 0.4553291259
0.2387804687 2088.3003214443 0.4553291259
0.2436042875 2013.5625562297 0.4553291259
0.2485255301 1940.9226828246 0.4553291259
0.2535459399 1870.3121458469 0.4553291259
0.2586680055 1801.6722431726 0.4553291259
0.2638933361 1734.9568664464 0.4553291259
0.2692244649 1670.1359133821 0.4553291259
0.2746630013 1607.1930133694 0.4553291259
0.2802117169 1546.1222942335 0.4553291259
0.2858722210 1486.9251318515 0.4553291259
0.2916473746 1429.6079270238 0.4553291259
0.2975388765 1374.1796677456 0.4553291259
0.3035497069 1320.6481953751 0.4553291259
0.3096816540 1269.0167797553 0.4553291259
0.3159377873 1219.2819203269 0.4553291259
0.3223199844 1171.4302354163 0.4553291259
0.3288314342 1125.4372970623 0.4553291259
0.3354741037 1081.2658651330 0.4553291259
0.3422513008 1038.8661954598 0.4553291259
0.3491650522 998.1758643889 0.4553291259
0.3562188148 959.1216315894 0.4553291259
0.3634147346 921.6218151432 0.4553291259
0.3707563579 885.5893844459 0.4553291259
0.3782459497 850.9339648319 0.4553291259
0.3858872056 817.5652552655 0.4553291259
0.3936824799 785.3969240153 0.4553291259
0.4016355574 754.3498816373 0.4553291259
0.4097489119 724.3540228253 0.4553291259
0.4180265963 695.3515165889 0.4553291259
0.4264715016 667.2989630905 0.4553291259
0.4350865781 640.1672397426 0.4553291259
0.4438761175 613.9400439572 0.4553291259
0.4528427422 588.6122050383 0.4553291259
0.4619910121 564.1866160918 0.4553291259
0.4713236094 540.6698691943 0.4553291259
0.4808451831 518.0680936379 0.4553291259
0.4905586839 496.3819724033 0.4553291259
0.5004688501 475.6034307533 0.4553291259
0.5105787516 455.7138851839 0.4553291259
0.5208933353 436.6839735900 0.4553291259
0.5314158201 418.4739718652 0.4553291259
0.5421513915 401.0358476823 0.4553291259
0.5531033278 384.3175530508 0.4553291259
0.5642769933 368.2666607310 0.4553291259
0.5756758451 352.8339210461 0.4553291259
0.5873055458 337.9770966925 0.4553291259
0.5991696119 323.6632856320 0.4553291259
0.6112739444 309.8705838541 0.4553291259
0.6236221194 296.5869302352 0.4553291259
0.6362204552 283.8081806317 0.4553291259
0.6490726471 271.5345872030 0.4553291259
0.6621850729 259.7664990760 0.4553291259
0.6755617261 248.5004523794 0.4553291259
0.6892093420 237.7263824774 0.4553291259
0.7031325698 227.4267707236 0.4553291259
0.7173364758 217.5774959588 0.4553291259
0.7318279147 208.1499972794 0.4553291259
0.7466114759 199.1148000990 0.4553291259
0.7616943717 190.4449353055 0.4553291259
0.7770812511 182.1184074762 0.4553291259
0.7927797437 174.1198490661 0.4553291259
0.8087944984 166.4401259417 0.4553291259
0.8251336217 159.0744070538 0.4553291259
0.8418020010 152.0194452206 0.4553291259
0.8588079810 145.2704535471 0.4553291259
0.8761565685 138.8189784711 0.4553291259
0.8938565254 132.6525406630 0.4553291259
0.9119131565 126.7554282851 0.4553291259
0.9303354025 121.1109616407 0.4553291259
0.9491290450 115.7037960023 0.4553291259
0.9683031440 110.5216706099 0.4553291259
0.9878636599 105.5559696309 0.4553291259
1.0078202486 100.8008337008 0.4553291259
1.0281790495 96.2515219206 0.4553291259
1.0489501953 91.9025386225 0.4553291259
1.0701397657 87.7465423964 0.4553291259
1.0917586088 83.7744103314 0.4553291259
1.1138130426 79.9761873716 0.4553291259
1.1363140345 76.3425074331 0.4553291259
1.1592696905 72.8656066614 0.4553291259
1.1826878786 69.5395115712 0.4553291259
1.2065802813 66.3593682788 0.4553291259
1.2309542894 63.3203987337 0.4553291259
1.2558217049 60.4171482962 0.4553291259
1.2811903954 57.6434223209 0.4553291259
1.3070727587 54.9928299049 0.4553291259
1.3334767818 52.4594414168 0.4553291259
1.3604153395 50.0382152934 0.4553291259
1.3878967762 47.7248138261 0.4553291259
1.4159349203 45.5151769528 0.4553291259
1.4445379972 43.4050604600 0.4553291259
1.4737203121 41.3899887387 0.4553291259
1.5034906864 39.4655249102 0.4553291259
1.5338637829 37.6275869397 0.4553291259
1.5648492575 35.8725030180 0.4553291259
1.5964618921 34.1968793028 0.4553291259
1.6287118196 32.5973648994 0.4553291259
1.6616147757 31.0705898022 0.4553291259
1.6951807737 29.6132489825 0.4553291259
1.7294265032 28.2222527480 0.4553291259
1.7643623352 26.8947323911 0.4553291259
1.8000056744 25.6279552772 0.4553291259
1.8363672495 24.4192506222 0.4553291259
1.8734651804 23.2660205058 0.4553291259
1.9113107920 22.1657831130 0.4553291259
1.9499226809 21.1161787942 0.4553291259
1.9893145561 20.1149573782 0.4553291259
2.0295004845 19.1599642524 0.4553291259
2.0705001354 18.2491365439 0.4553291259
2.1123259068 17.3804994415 0.4553291259
2.1549985409 16.5521626532 0.4553291259
2.1985313892 15.7623169943 0.4553291259
2.2429456711 15.0092311025 0.4553291259
2.2882549763 14.2912482758 0.4553291259
2.3344821930 13.6067834287 0.4553291259
2.3816404343 12.9543201637 0.4553291259
2.4297537804 12.3324079528 0.4553291259
2.4788370132 11.7396594266 0.4553291259
2.5289139748 11.1747477676 0.4553291259
2.5800001621 10.6364042018 0.4553291259
2.6321208477 10.1234155885 0.4553291259
2.6852917671 9.6346221022 0.4553291259
2.7395396233 9.1689150054 0.4553291259
2.7948803902 8.7252345071 0.4553291259
2.8513422012 8.3025677063 0.4553291259
2.9089415073 7.8999466155 0.4553291259
2.9677073956 7.5164462622 0.4553291259
3.0276577473 7.1511828659 0.4553291259
3.0888218880 6.8033120875 0.4553291259
3.1512188911 6.4720273479 0.4553291259
3.2148787975 6.1565582152 0.4553291259
3.2798254490 5.8561688549 0.4553291259
3.3460807800 5.5701565444 0.4553291259
3.4136774540 5.2978502465 0.4553291259
3.4826366901 5.0386092408 0.4553291259
3.5529923439 4.7918218117 0.4553291259
3.6247656345 4.5569039891 0.4553291259
3.6979923248 4.3332983410 0.4553291259
3.7726948261 4.1204728166 0.4553291259
3.8489100933 3.9179196358 0.4553291259
3.9266612530 3.7251542256 0.4553291259
4.0059866905 3.5417142006 0.4553291259
4.0869112015 3.3671583857 0.4553291259
4.1694741249 3.2010658798 0.4553291259
4.2537012100 3.0430351590 0.4553291259
4.3396334648 2.8926832172 0.4553291259
4.4272975922 2.7496447428 0.4553291259
4.5167374611 2.6135713309 0.4553291259
4.6079788208 2.4841307284 0.4553291259
4.7010684013 2.3610061113 0.4553291259
4.7960338593 2.2438953929 0.4553291259
4.8929228783 2.1325105615 0.4553291259
4.9917640686 2.0265770471 0.4553291259
5.0926065445 1.9258331144 0.4553291259
