#  k [h/Mpc]          Pk/s8^2 [Mpc/h]^3          s8
5.3832945923204525e-6	35.31467143855219	0.38372927131656603
5.492044692800844e-6	36.00617884792697	0.38372927131656603
5.602991222986015e-6	36.71122385930374	0.38372927131656603
5.71617920286372e-6	37.43007568098026	0.38372927131656603
5.831653652421664e-6	38.16299552380226	0.38372927131656603
5.949460501142307e-6	38.910272188639404	0.38372927131656603
6.069647952244846e-6	39.67218619205401	0.38372927131656603
6.192262844706423e-6	40.44902415289816	0.38372927131656603
6.3173547459882735e-6	41.241057685297804	0.38372927131656603
6.4449741330463515e-6	42.04861123742971	0.38372927131656603
6.575171028089249e-6	42.87197406011172	0.38372927131656603
6.707998181809679e-6	43.71144715976151	0.38372927131656603
6.8435087996476796e-6	44.56737218037312	0.38372927131656603
6.981756541790679e-6	45.440054933210575	0.38372927131656603
7.122797342162812e-6	46.32982759687658	0.38372927131656603
7.2666875894355986e-6	47.2370245914224	0.38372927131656603
7.413485036522603e-6	48.16198830367412	0.38372927131656603
7.5632465268427074e-6	49.10504511425095	0.38372927131656603
7.716034815530298e-6	50.06659652702455	0.38372927131656603
7.871908564993646e-6	51.0469497545229	0.38372927131656603
8.030931894609227e-6	52.04651407525589	0.38372927131656603
8.193167559511487e-6	53.065650173984906	0.38372927131656603
8.358680133824245e-6	54.104728667630944	0.38372927131656603
8.527536920155397e-6	55.16416822482245	0.38372927131656603
8.699804311618209e-6	56.24434961664739	0.38372927131656603
8.875552339304699e-6	57.345686091570926	0.38372927131656603
9.054850124812226e-6	58.46857294918286	0.38372927131656603
9.237770427716884e-6	59.61346169793515	0.38372927131656603
9.42438600759488e-6	60.78075712521578	0.38372927131656603
9.614770533517013e-6	61.97091571417266	0.38372927131656603
9.809003131522333e-6	63.18439189476704	0.38372927131656603
0.000010007157470681691	64.4216168524394	0.38372927131656603
0.000010209315405518282	65.68305270134441	0.38372927131656603
0.000010415557881060505	66.96921261115025	0.38372927131656603
0.000010625965842336889	68.28053819352252	0.38372927131656603
0.000010840623872354637	69.617551740977	0.38372927131656603
0.000011059620192099837	70.98075756747572	0.38372927131656603
0.000011283037565590357	72.3706240112924	0.38372927131656603
0.00001151097148976987	73.78772551622905	0.38372927131656603
0.000011743507457140366	75.2325744124008	0.38372927131656603
0.000011980741874140228	76.705720912824	0.38372927131656603
0.000012222769328218419	78.20770173027621	0.38372927131656603
0.000012469685316318665	79.739103934555	0.38372927131656603
0.000012721589882858103	81.30047234158174	0.38372927131656603
0.000012978583072253965	82.89242079559753	0.38372927131656603
0.00001324076765740755	84.51555654811239	0.38372927131656603
0.00001350824913970427	86.1704609887452	0.38372927131656603
0.000013781134839518936	87.85777472036371	0.38372927131656603
0.000014059531167731634	89.57811528533674	0.38372927131656603
0.000014343552720674764	91.3321675405681	0.38372927131656603
0.000014633312275691415	93.12054128965498	0.38372927131656603
0.000014928924429113989	94.94393665161525	0.38372927131656603
0.000015230508324748354	96.80305488441547	0.38372927131656603
0.000015538184015895237	98.69855388194324	0.38372927131656603
0.000015852077922318134	100.63118568767958	0.38372927131656603
0.00001617231100681238	102.60164875472337	0.38372927131656603
0.00001649901241762563	104.61068029723342	0.38372927131656603
0.000016832314940984378	106.65904813926318	0.38372927131656603
0.000017172349544125592	108.74756082722577	0.38372927131656603
0.00001751925447024406	110.87695460520851	0.38372927131656603
0.000017873167962534357	113.04804795239184	0.38372927131656603
0.00001823423008318059	115.26161413208592	0.38372927131656603
0.00001860258453234565	117.51854832535793	0.38372927131656603
0.00001897838228615001	119.81968821254405	0.38372927131656603
0.000019361770682735372	122.16584488750951	0.38372927131656603
0.00001975290433620106	124.55797955310858	0.38372927131656603
0.000020151937860646305	126.9969452287508	0.38372927131656603
0.000020559036784106862	129.48365707712503	0.38372927131656603
0.000020974357539671456	132.01908656985773	0.38372927131656603
0.00002139806747436524	134.60413077620132	0.38372927131656603
0.00002183033575420271	137.23977177551916	0.38372927131656603
0.000022271337002166554	139.9270377989911	0.38372927131656603
0.00002272124766022901	142.6669543862194	0.38372927131656603
0.000023180249627330337	145.46049385697373	0.38372927131656603
0.000023648521164432168	148.30872991893256	0.38372927131656603
0.000024126253265421855	151.21274202797474	0.38372927131656603
0.000024613633286207908	154.17355409083763	0.38372927131656603
0.000025110863134614195	157.19241163448032	0.38372927131656603
0.000025618135623517467	160.27035267892217	0.38372927131656603
0.00002613565629872031	163.40854972067615	0.38372927131656603
0.000026663634344004078	166.60822775343246	0.38372927131656603
0.000027202273486182104	169.87054566525018	0.38372927131656603
0.000027751795641961548	173.19670231319972	0.38372927131656603
0.000028312419090070806	176.58795352312686	0.38372927131656603
0.000028884367566206482	180.0456930385442	0.38372927131656603
0.000029467868444044133	183.5710735587436	0.38372927131656603
0.000030063161830184968	187.16547645785826	0.38372927131656603
0.000030670478736283224	190.8303018850818	0.38372927131656603
0.000031290062906919034	194.56685971863854	0.38372927131656603
0.000031922165362630026	198.37655363208813	0.38372927131656603
0.000032567033485975116	202.2608405408743	0.38372927131656603
0.000033224929211428355	206.22120618451456	0.38372927131656603
0.000033896121749421555	210.25907413125833	0.38372927131656603
0.00003458086939644997	214.37598078329316	0.38372927131656603
0.00003527944863890294	218.57353261027137	0.38372927131656603
0.0000359921396011487	222.85322710795427	0.38372927131656603
0.00003671922968351278	227.21677409539922	0.38372927131656603
0.000037461006286321215	231.66570533063933	0.38372927131656603
0.00003821776408585719	236.20167884646628	0.38372927131656603
0.00003898981958627702	240.82662199682744	0.38372927131656603
0.00003977746746386408	245.54200170950966	0.38372927131656603
0.000040581024222774465	250.3496923753112	0.38372927131656603
0.000041400813643122085	255.2515158004658	0.38372927131656603
0.00004223716314299965	260.24923546804524	0.38372927131656603
0.00004309041105443616	265.3448528597713	0.38372927131656603
0.00004396089570946057	270.540294197099	0.38372927131656603
0.00004484896271605977	275.83731109551536	0.38372927131656603
0.000045754968596156605	281.2380882856537	0.38372927131656603
0.00004667929169954734	286.74472642802806	0.38372927131656603
0.00004762227399623955	292.3590174225223	0.38372927131656603
0.000048584304749965735	298.0831098630283	0.38372927131656603
0.00004956577686243698	303.9194656197895	0.38372927131656603
0.000050567068683449145	309.86995968320923	0.38372927131656603
0.00005158859130460773	315.936979910344	0.38372927131656603
0.00005263074854156009	322.1227156193028	0.38372927131656603
0.000053693958761869	328.429562190809	0.38372927131656603
0.00005477865124703387	334.8598487372471	0.38372927131656603
0.00005588524800259622	341.41595212606336	0.38372927131656603
0.00005701420377590698	348.10040697986983	0.38372927131656603
0.00005816596967633813	354.9157563354179	0.38372927131656603
0.0000593409968132619	361.8643990861827	0.38372927131656603
0.00006053977995179594	368.9491963217538	0.38372927131656603
0.00006176275928737601	376.1725052527492	0.38372927131656603
0.00006301045505097132	383.53733342379223	0.38372927131656603
0.00006428334745578468	391.0461484063227	0.38372927131656603
0.00006558195309480648	398.70200364082956	0.38372927131656603
0.00006690679583698507	406.5077655795525	0.38372927131656603
0.00006825839955126868	414.4661701024869	0.38372927131656603
0.0000696373099344782	422.5802707041605	0.38372927131656603
0.00007104407268343497	430.8532448969628	0.38372927131656603
0.00007247926259879031	439.28810357838563	0.38372927131656603
0.00007394343992928044	447.88806044077376	0.38372927131656603
0.00007543719402747222	456.65628012933996	0.38372927131656603
0.00007696112152189019	465.5960024783665	0.38372927131656603
0.00007851585542084646	474.71081036314416	0.38372927131656603
0.00008010198507690791	484.0038411568131	0.38372927131656603
0.00008172015077434479	493.4788074901931	0.38372927131656603
0.00008337100734934218	503.1389720565241	0.38372927131656603
0.00008505520963808526	512.9881679485098	0.38372927131656603
0.00008677344158058991	523.0301025581699	0.38372927131656603
0.00008852637256495652	533.2683869752996	0.38372927131656603
0.00009031472291098898	543.7070250780508	0.38372927131656603
0.00009213919838657605	554.3498776796346	0.38372927131656603
0.0000940005265874789	565.200758850226	0.38372927131656603
0.00009589947148924698	576.2640697183116	0.38372927131656603
0.0000978367679635995	587.5437049610501	0.38372927131656603
0.00009981319453800107	599.0439141749787	0.38372927131656603
0.00010182957339566193	610.7691923198867	0.38372927131656603
0.00010388666851213194	622.7236869566336	0.38372927131656603
0.00010598531662253655	634.9118977371197	0.38372927131656603
0.0001081263617379591	647.3383524753808	0.38372927131656603
0.00011031066242139786	660.0079729893606	0.38372927131656603
0.00011253908451180906	672.9252054345312	0.38372927131656603
0.0001148125156760216	686.0948620048647	0.38372927131656603
0.0001171318799606524	699.522024228981	0.38372927131656603
0.00011949810141231852	713.2118385650866	0.38372927131656603
0.00012191212590550998	727.1689359562558	0.38372927131656603
0.00012437491386663152	741.3990010944716	0.38372927131656603
0.00012688744754996156	755.9072795195381	0.38372927131656603
0.00012945073831360782	770.6988657396928	0.38372927131656603
0.00013206583389546725	785.7796405598242	0.38372927131656603
0.00013473375292960557	801.1550080845956	0.38372927131656603
0.0001374555577058346	816.8307667605106	0.38372927131656603
0.0001402323250658809	832.8127929391545	0.38372927131656603
0.00014306521916296344	849.1069594969445	0.38372927131656603
0.00014595531683880836	865.7194413606894	0.38372927131656603
0.0001489037967985496	882.6561528101586	0.38372927131656603
0.00015191186685115085	899.9237466474191	0.38372927131656603
0.0001549806765979156	917.5282705577157	0.38372927131656603
0.00015811149205546807	935.4767871471216	0.38372927131656603
0.00016130555013660323	953.7755430875853	0.38372927131656603
0.00016456414596177638	972.4315526410886	0.38372927131656603
0.00016788860375527314	991.4516965040724	0.38372927131656603
0.00017128017498180262	1010.8428050393995	0.38372927131656603
0.00017474024207331235	1030.6121543816523	0.38372927131656603
0.0001782702311174945	1050.7673489071205	0.38372927131656603
0.00018187153909821071	1071.3153886167654	0.38372927131656603
0.00018554557755123805	1092.2644867028775	0.38372927131656603
0.000189293845323846	1113.6219734522356	0.38372927131656603
0.00019311782671138658	1135.3955848553876	0.38372927131656603
0.0001970190496649595	1157.5933918529074	0.38372927131656603
0.0002009991003433245	1180.2242408833563	0.38372927131656603
0.00020505955035332585	1203.2959659993874	0.38372927131656603
0.0002092020295094699	1226.817158114076	0.38372927131656603
0.00021342818217817678	1250.7958555449072	0.38372927131656603
0.00021773976914118986	1275.2424421853486	0.38372927131656603
0.00022213840566109866	1300.1643688932045	0.38372927131656603
0.00022662588162347658	1325.5711493074368	0.38372927131656603
0.00023120403056964278	1351.4725303071696	0.38372927131656603
0.00023587465693708523	1377.8778088426477	0.38372927131656603
0.00024063963792286832	1404.7963830494741	0.38372927131656603
0.00024550087982788655	1432.238602235134	0.38372927131656603
0.0002504603180568665	1460.2136951995515	0.38372927131656603
0.00025551993167027804	1488.7329454636986	0.38372927131656603
0.00026068178704008444	1517.8056451459163	0.38372927131656603
0.00026594789233058707	1547.4433506330772	0.38372927131656603
0.0002713204012252388	1577.6561777900722	0.38372927131656603
0.0002768014383036642	1608.4557025743668	0.38372927131656603
0.00028239324456080816	1639.852400920721	0.38372927131656603
0.00028809794457629323	1671.8577807548104	0.38372927131656603
0.0002939179248642178	1704.4841708349227	0.38372927131656603
0.00029985545552335685	1737.7418432199393	0.38372927131656603
0.00030591292306780815	1771.6438469090756	0.38372927131656603
0.00031209277221932996	1806.2026986278565	0.38372927131656603
0.00031839747680351116	1841.4301347260243	0.38372927131656603
0.00032482951064594074	1877.3387049664598	0.38372927131656603
0.0003313914930913598	1913.94173302578	0.38372927131656603
0.0003380860434845092	1951.251731475295	0.38372927131656603
0.00034491583937779064	1989.2826087189133	0.38372927131656603
0.0003518835874274374	2028.0472228952042	0.38372927131656603
0.0003589921107050029	2067.5599905162317	0.38372927131656603
0.00036624420317821194	2107.8349240145026	0.38372927131656603
0.00037364283343777077	2148.8850568496614	0.38372927131656603
0.00038119088276289425	2190.7263995025282	0.38372927131656603
0.0003888914943672718	2233.372982990691	0.38372927131656603
0.00039674757863394927	2276.839141501321	0.38372927131656603
0.0004047623951919378	2321.14086541196	0.38372927131656603
0.00041293932008557016	2366.2947107333193	0.38372927131656603
0.00042128126369789226	2412.314088529459	0.38372927131656603
0.00042979168938472867	2459.2158467403046	0.38372927131656603
0.00043847406050190346	2507.0162496241587	0.38372927131656603
0.00044733184040524065	2555.7316832314245	0.38372927131656603
0.0004563684924505651	2605.3781631795187	0.38372927131656603
0.0004655877419281751	2655.974587924841	0.38372927131656603
0.00047499322681687767	2707.5366831871256	0.38372927131656603
0.00048458873061463237	2760.082111963343	0.38372927131656603
0.0004943780368193983	2813.6286840085554	0.38372927131656603
0.0005043651326559483	2868.1955033493346	0.38372927131656603
0.0005145540344528854	2923.79943191513	0.38372927131656603
0.0005249487003311518	2980.4599680907213	0.38372927131656603
0.0005355533212423326	3038.194860007427	0.38372927131656603
0.0005463722045533356	3097.0246711912373	0.38372927131656603
0.0005574096576310695	3156.9673824224196	0.38372927131656603
0.0005686701042577629	3218.044188053268	0.38372927131656603
0.0005801579682156444	3280.274265784442	0.38372927131656603
0.0005918779061175887	3343.676853594818	0.38372927131656603
0.000603834632784128	3408.273553018406	0.38372927131656603
0.0006160328630357986	3474.0854827491976	0.38372927131656603
0.000628477544523776	3541.1327646893133	0.38372927131656603
0.000641173624899238	3609.437679152104	0.38372927131656603
0.0006541261682286859	3679.020801683825	0.38372927131656603
0.0006673403549939396	3749.904495077224	0.38372927131656603
0.000680821540299803	3822.1107097035306	0.38372927131656603
0.0006945753702893851	3895.6641961250243	0.38372927131656603
0.0007086067344062027	3970.5834067923106	0.38372927131656603
0.0007229215116240086	4046.8930053120694	0.38372927131656603
0.0007375255227088933	4124.617038764334	0.38372927131656603
0.0007524244138039651	4203.777050357538	0.38372927131656603
0.0007676244131289421	4284.399024173329	0.38372927131656603
0.0007831314578652384	4366.506202640768	0.38372927131656603
0.0007989517762325708	4450.1212628348285	0.38372927131656603
0.0008150916546583177	4535.271175879634	0.38372927131656603
0.0008315575541928413	4621.978151613005	0.38372927131656603
0.0008483561687171459	4710.268772763916	0.38372927131656603
0.0008654940756969156	4800.168157877351	0.38372927131656603
0.0008829782018437978	4891.700463943738	0.38372927131656603
0.0009008154738694433	4984.893702622785	0.38372927131656603
0.0009190131677314636	5079.770389828518	0.38372927131656603
0.0009375784429721536	5176.359308774304	0.38372927131656603
0.0009565186919644477	5274.685482080092	0.38372927131656603
0.0009758416563272478	5374.775148208348	0.38372927131656603
0.000995554961264134	5476.656527741081	0.38372927131656603
0.0010156665230169888	5580.354491915292	0.38372927131656603
0.0010361843742430204	5685.896000671103	0.38372927131656603
0.0010571165475994349	5793.310256358485	0.38372927131656603
0.0010784717742353684	5902.622629037879	0.38372927131656603
0.001100258319638669	6013.862222269765	0.38372927131656603
0.0011224849149584779	6127.053360876036	0.38372927131656603
0.0011451612226665024	6242.230519913777	0.38372927131656603
0.0011682949261739844	6359.413289743331	0.38372927131656603
0.0011918960371986032	6478.632671078997	0.38372927131656603
0.001215973985381425	6599.917636509594	0.38372927131656603
0.0012405382003635164	6723.292286230884	0.38372927131656603
0.0012655986938625568	6848.790217105081	0.38372927131656603
0.001291165477596223	6976.435267869085	0.38372927131656603
0.001317248679697514	7106.256290381699	0.38372927131656603
0.0013438588939607141	7238.282171418281	0.38372927131656603
0.0013710065977647896	7372.53861146897	0.38372927131656603
0.0013987028505653136	7509.055391949416	0.38372927131656603
0.001426958478987217	7647.856874810122	0.38372927131656603
0.001455784775316715	7788.973999648597	0.38372927131656603
0.0014851936139166357	7932.43247010378	0.38372927131656603
0.0015151965199038384	8078.25950777364	0.38372927131656603
0.0015458054840564715	8226.481802871416	0.38372927131656603
0.0015770328463986507	8377.122133316685	0.38372927131656603
0.001608890830539166	8530.2130451929	0.38372927131656603
0.0016413925914093848	8685.774952268775	0.38372927131656603
0.0016745509346947074	8843.835118341976	0.38372927131656603
0.001708379015326501	9004.416539709822	0.38372927131656603
0.0017428906867280607	9167.547693261115	0.38372927131656603
0.0017780993366613993	9333.248252682122	0.38372927131656603
0.001814019284211099	9501.545482407439	0.38372927131656603
0.001850664848461748	9672.454921766994	0.38372927131656603
0.0018880506977438912	9846.00859467442	0.38372927131656603
0.001926192780956625	10022.223962950775	0.38372927131656603
0.0019651043694466357	10201.116875874925	0.38372927131656603
0.002004801994189619	10382.711332432702	0.38372927131656603
0.0020453017204999924	10567.023250892747	0.38372927131656603
0.0020866196136921644	10754.073640213526	0.38372927131656603
0.002128771971911191	10943.879019922837	0.38372927131656603
0.0021717760246247044	11136.459149299968	0.38372927131656603
0.002215648768469689	11331.825300803717	0.38372927131656603
0.0022604078985750684	11529.995249949361	0.38372927131656603
0.002306071110069751	11730.977941977904	0.38372927131656603
0.002352656796574592	11934.788847801286	0.38372927131656603
0.0024001835845410824	12141.43917163907	0.38372927131656603
0.0024486703332513566	12350.932895831153	0.38372927131656603
0.0024981368333101273	12563.284255542043	0.38372927131656603
0.002548602409660814	12778.502166362501	0.38372927131656603
0.002600087551400067	12996.58560121238	0.38372927131656603
0.002652612747624517	13217.544871747992	0.38372927131656603
0.0027061989530920974	13441.37787130402	0.38372927131656603
0.00276086782105267	13668.086133947054	0.38372927131656603
0.0028166410047560917	13897.667259361866	0.38372927131656603
0.0028735410887748007	14130.122311075607	0.38372927131656603
0.002931590192019938	14365.44462524602	0.38372927131656603
0.002990812296047808	14603.624271651433	0.38372927131656603
0.003051230451092124	14844.65651798737	0.38372927131656603
0.003112869337201119	15088.52715940285	0.38372927131656603
0.003175753401592373	15335.229224825407	0.38372927131656603
0.0032399094197899116	15584.745218758113	0.38372927131656603
0.0033053599763661636	15837.053369739118	0.38372927131656603
0.0033721325453370805	16092.134448971385	0.38372927131656603
0.0034402539022266843	16349.95847488104	0.38372927131656603
0.003509751986712219	16610.517126306666	0.38372927131656603
0.0035806533414870496	16873.768547470503	0.38372927131656603
0.0036529873032122855	17139.68704855354	0.38372927131656603
0.00372678251005709	17408.239927016824	0.38372927131656603
0.003802068298682568	17679.383873472623	0.38372927131656603
0.003878874937072397	17953.081392165095	0.38372927131656603
0.003957233391702177	18229.29196848911	0.38372927131656603
0.004037174861878155	18508.807183013396	0.38372927131656603
0.0041187312453985206	18789.9194509671	0.38372927131656603
0.004201935138553381	19073.392856640734	0.38372927131656603
0.004286819603294133	19359.164986073403	0.38372927131656603
0.004373419098556042	19647.17207776922	0.38372927131656603
0.004461768083274367	19937.347328039104	0.38372927131656603
0.004551901482045649	20229.627961075006	0.38372927131656603
0.0046438560821116	20523.937596902022	0.38372927131656603
0.004737668205052617	20820.191928302047	0.38372927131656603
0.004833375103771686	21118.3161439845	0.38372927131656603
0.004931015428155661	21418.222160513655	0.38372927131656603
0.005030628759413961	21719.81444132773	0.38372927131656603
0.005132254213094711	22022.99972581702	0.38372927131656603
0.005235932301729918	22327.282969549684	0.38372927131656603
0.00534170772880316	22633.316183286843	0.38372927131656603
0.0054496172815561295	22940.611660327173	0.38372927131656603
0.005559706129133701	23249.065247070994	0.38372927131656603
0.005672019906342031	23558.551809122175	0.38372927131656603
0.005786602385342121	23868.944523104667	0.38372927131656603
0.005903499666601419	24180.117829786588	0.38372927131656603
0.0060227578505873715	24491.91913313201	0.38372927131656603
0.006144425366073845	24804.22079050271	0.38372927131656603
0.00626855064183474	25116.86758559807	0.38372927131656603
0.006395183969289065	25429.867955326914	0.38372927131656603
0.0065243751741945735	25742.742655925766	0.38372927131656603
0.006656176410615444	26055.48212651307	0.38372927131656603
0.006790639832615857	26367.909015718204	0.38372927131656603
0.006927819922566412	26679.843007309624	0.38372927131656603
0.00706777069717646	26991.088116485065	0.38372927131656603
0.0072105489671230325	27301.451837494136	0.38372927131656603
0.007356211543083194	27610.732998338815	0.38372927131656603
0.007504817098379136	27918.66277544325	0.38372927131656603
0.007656424306333065	28225.13066740627	0.38372927131656603
0.007811094168573624	28529.854893118954	0.38372927131656603
0.007968888618052008	28832.6170480336	0.38372927131656603
0.008129870519042013	29133.162365218523	0.38372927131656603
0.008294104598462575	29431.253396481585	0.38372927131656603
0.008461656980216507	29726.633394381213	0.38372927131656603
0.008632592856884003	30019.068115681377	0.38372927131656603
0.008806983008980751	30308.244723470336	0.38372927131656603
0.00898490007966757	30593.91397250811	0.38372927131656603
0.009166406467556957	30875.779801825785	0.38372927131656603
0.00935158040374517	31153.568559478317	0.38372927131656603
0.009540494531393048	31426.978088719094	0.38372927131656603
0.009733225218951702	31695.70602338657	0.38372927131656603
0.009929848834872242	31959.437648069572	0.38372927131656603
0.010130445472896097	32217.862751033997	0.38372927131656603
0.010335093364119525	32470.655970498225	0.38372927131656603
0.010543875396251675	32717.483771403284	0.38372927131656603
0.010756876319646837	32957.9999734959	0.38372927131656603
0.010974179953336717	33191.85371691709	0.38372927131656603
0.011195871978998186	33418.69334811365	0.38372927131656603
0.011422043666243548	33638.14843324263	0.38372927131656603
0.011652784422039984	33849.86218373482	0.38372927131656603
0.01188818644732237	34053.45674826452	0.38372927131656603
0.012128342874348162	34248.550912699866	0.38372927131656603
0.012373351491987707	34434.77095658414	0.38372927131656603
0.01262330915778875	34611.726292579486	0.38372927131656603
0.012878316454589362	34779.028557279125	0.38372927131656603
0.013138474896550175	34936.29115477334	0.38372927131656603
0.013403890654444691	35083.12643745832	0.38372927131656603
0.013674667105078695	35219.11603083415	0.38372927131656603
0.01395091228187084	35343.892632095674	0.38372927131656603
0.014232739806175235	35457.045818486775	0.38372927131656603
0.014520260505378241	35558.188801521406	0.38372927131656603
0.014813594520092009	35646.93192589566	0.38372927131656603
0.015112848952412612	35722.893534788775	0.38372927131656603
0.01541814953088761	35785.67796513972	0.38372927131656603
0.01572961546480656	35834.927088335884	0.38372927131656603
0.016047367826104168	35870.28582224562	0.38372927131656603
0.016371553763747222	35891.371812908874	0.38372927131656603
0.016702271997928612	35897.85211267424	0.38372927131656603
0.017039688304066655	35889.39238041465	0.38372927131656603
0.017383905127644535	35865.68197029887	0.38372927131656603
0.0177350901067257	35939.28345606618	0.38372927131656603
0.018093355000019067	35890.50476207238	0.38372927131656603
0.01845887303352356	35825.74611546574	0.38372927131656603
0.0188317559659481	35744.75807369216	0.38372927131656603
0.019212193787097927	35647.3129509079	0.38372927131656603
0.019600313156843185	35533.20364264711	0.38372927131656603
0.01999625749886036	35402.28606558328	0.38372927131656603
0.020400216802954667	35254.39623956093	0.38372927131656603
0.02081231772899627	35089.43842940103	0.38372927131656603
0.02123276330530643	34907.34133925796	0.38372927131656603
0.021661683917045593	34708.085576816535	0.38372927131656603
0.02209929004311561	34491.687791970864	0.38372927131656603
0.0225457139313221	34165.22749310355	0.38372927131656603
0.0230011772364378	33911.64864085569	0.38372927131656603
0.023465819656848904	33641.36626131084	0.38372927131656603
0.023939872160553936	33354.61257549886	0.38372927131656603
0.02442347817122936	33051.69927919397	0.38372927131656603
0.024916876107454307	32732.966641900213	0.38372927131656603
0.02542021870613098	32398.847348376272	0.38372927131656603
0.02593375369906425	32049.80560984268	0.38372927131656603
0.026457635685801506	31686.412840367553	0.38372927131656603
0.026992129161953936	31309.238190427586	0.38372927131656603
0.02753739058971406	30976.934189850264	0.38372927131656603
0.02809369564056396	30575.07858864194	0.38372927131656603
0.028661211952567097	30161.543769840864	0.38372927131656603
0.029240220785140977	29737.144635441073	0.38372927131656603
0.029830897226929658	29302.844916711325	0.38372927131656603
0.030433535575866703	28859.56443647129	0.38372927131656603
0.031048320233821862	28408.394240833502	0.38372927131656603
0.031675551086664214	27950.37548483128	0.38372927131656603
0.0323154553771019	27486.668524183806	0.38372927131656603
0.03296825289726257	27018.476651055124	0.38372927131656603
0.0336342714726925	26546.966140021963	0.38372927131656603
0.034313712269067764	26073.449010728935	0.38372927131656603
0.035006910562515245	25599.535849547297	0.38372927131656603
0.03571407869458197	25125.824330486852	0.38372927131656603
0.036435566842556	24653.927190430928	0.38372927131656603
0.03717159852385521	24185.17581337817	0.38372927131656603
0.037922531366348274	23720.877997830143	0.38372927131656603
0.03868859633803367	23262.346491847045	0.38372927131656603
0.03947017714381218	22810.629579339136	0.38372927131656603
0.04026750847697258	22366.91063293747	0.38372927131656603
0.04108098521828651	21932.25818460076	0.38372927131656603
0.04191085323691369	21507.749631801078	0.38372927131656603
0.04275752976536751	21094.33448774554	0.38372927131656603
0.04362126812338829	20692.943274184316	0.38372927131656603
0.04450249299407004	20304.343887435236	0.38372927131656603
0.045401483774185174	19929.185389751463	0.38372927131656603
0.04631867632269861	19567.99647274864	0.38372927131656603
0.047254350036382675	19221.109852891568	0.38372927131656603
0.04820897057652475	18888.663933102704	0.38372927131656603
0.04918283596634864	18570.729462541985	0.38372927131656603
0.05017641931772231	18267.176150714193	0.38372927131656603
0.05119002237915992	17977.79158122689	0.38372927131656603
0.05222415179014205	17702.123839474138	0.38372927131656603
0.05327918007969856	17439.462045428943	0.38372927131656603
0.05435546115040779	17188.877538312474	0.38372927131656603
0.055453538894653334	16948.970163547667	0.38372927131656603
0.05657374486327172	16718.146818714147	0.38372927131656603
0.057716637849807746	16494.596145801945	0.38372927131656603
0.05888256430625916	16276.546833999098	0.38372927131656603
0.06007209792733193	16074.871200951904	0.38372927131656603
0.0612856037914753	15863.450525351616	0.38372927131656603
0.06252367794513701	15651.3647096379	0.38372927131656603
0.06378671526908877	15436.706118407119	0.38372927131656603
0.06507532298564911	15217.508827093234	0.38372927131656603
0.06638989597558977	14991.68455170028	0.38372927131656603
0.06773108989000319	14756.972423718102	0.38372927131656603
0.06909931451082231	14511.176423168119	0.38372927131656603
0.07049524784088135	14252.388755543572	0.38372927131656603
0.07191931456327437	13979.27780224921	0.38372927131656603
0.07337221503257751	13691.03901680752	0.38372927131656603
0.07485438883304595	13387.307734675034	0.38372927131656603
0.07636658102273942	13068.09888042307	0.38372927131656603
0.07790925353765489	12733.681159706704	0.38372927131656603
0.07948315888643265	12384.728765940903	0.38372927131656603
0.08108878880739212	12022.750828069993	0.38372927131656603
0.08272692561149599	11650.255527538762	0.38372927131656603
0.08439807593822478	11270.50566611161	0.38372927131656603
0.08610307425260545	10887.004500653817	0.38372927131656603
0.08784241974353789	10503.389988604853	0.38372927131656603
0.08961699903011322	10123.168564093903	0.38372927131656603
0.09142742305994035	9749.89599983455	0.38372927131656603
0.09327434003353116	9387.159788468178	0.38372927131656603
0.095158651471138	9038.52006251156	0.38372927131656603
0.09708093106746676	8707.468038529023	0.38372927131656603
0.09904213994741441	8397.040707831307	0.38372927131656603
0.10104287415742877	8109.636978964927	0.38372927131656603
0.10308412462472913	7846.686331532872	0.38372927131656603
0.10516651719808581	7608.762149401316	0.38372927131656603
0.10729106515645982	7395.615338265928	0.38372927131656603
0.10945843905210498	7206.226237154458	0.38372927131656603
0.11166969686746601	7038.765681796791	0.38372927131656603
0.1139255166053772	6890.528016334616	0.38372927131656603
0.11622700840234756	6757.957980994218	0.38372927131656603
0.118574894964695	6636.898474130528	0.38372927131656603
0.12097033113241193	6522.708107369577	0.38372927131656603
0.12341402471065524	6410.422261646617	0.38372927131656603
0.12590721249580386	6294.909734442331	0.38372927131656603
0.12845064699649808	6171.450515601678	0.38372927131656603
0.1310455799102783	6036.2962033732465	0.38372927131656603
0.13369281589984897	5886.848436722008	0.38372927131656603
0.1363936513662338	5721.483040466728	0.38372927131656603
0.13914892077445984	5540.0513331034335	0.38372927131656603
0.14195998013019562	5344.345773803512	0.38372927131656603
0.1448276787996292	5137.599931926109	0.38372927131656603
0.14775346219539642	4923.871199547336	0.38372927131656603
0.15073834359645846	4708.356093349613	0.38372927131656603
0.15378338098526	4497.0783802451715	0.38372927131656603
0.1568900942802429	4295.481210204477	0.38372927131656603
0.16005939245224	4108.100268847943	0.38372927131656603
0.16329288482666016	3938.5645438551874	0.38372927131656603
0.16659153997898102	3789.0801496339145	0.38372927131656603
0.1699569970369339	3660.2098266214075	0.38372927131656603
0.17339026927947998	3550.8804258496784	0.38372927131656603
0.17689307034015658	3458.1302361478306	0.38372927131656603
0.18046644330024722	3377.688382352518	0.38372927131656603
0.1841122061014175	3304.4542961071666	0.38372927131656603
0.18783141672611237	3233.070429194927	0.38372927131656603
0.1916259527206421	3158.2159633006713	0.38372927131656603
0.19549694657325745	3075.347707438421	0.38372927131656603
0.19944635033607477	2982.057322572838	0.38372927131656603
0.20347532629966736	2877.8669401122174	0.38372927131656603
0.20758591592311865	2764.261612403685	0.38372927131656603
0.21177931129932404	2644.7408675425045	0.38372927131656603
0.2160576283931732	2523.9416364726067	0.38372927131656603
0.22042217850685122	2407.107590791346	0.38372927131656603
0.2248750925064087	2298.65869886085	0.38372927131656603
0.22941777110099787	2201.8371840429645	0.38372927131656603
0.23405241966247559	2118.1168331281397	0.38372927131656603
0.23878046870231626	2046.891811971375	0.38372927131656603
0.2436042875051498	1985.7296730075263	0.38372927131656603
0.2485255300998688	1930.8249140822256	0.38372927131656603
0.25354593992233276	1877.8942978416949	0.38372927131656603
0.2586680054664612	1822.9955781164801	0.38372927131656603
0.2638933360576629	1763.314583286352	0.38372927131656603
0.26922446489334106	1698.0338729091218	0.38372927131656603
0.2746630012989044	1628.3102239741213	0.38372927131656603
0.28021171689033514	1556.7545354502736	0.38372927131656603
0.28587222099304194	1486.8355561568646	0.38372927131656603
0.29164737462997437	1421.7138023957955	0.38372927131656603
0.2975388765335083	1363.3701274299442	0.38372927131656603
0.3035497069358826	1312.2851563691597	0.38372927131656603
0.30968165397644043	1267.2122869729749	0.38372927131656603
0.3159377872943878	1225.736429856284	0.38372927131656603
0.32231998443603516	1185.2026088285854	0.38372927131656603
0.3288314342498779	1143.4028922748469	0.38372927131656603
0.33547410368919367	1099.4646804242727	0.38372927131656603
0.3422513008117676	1053.942388036402	0.38372927131656603
0.3491650521755219	1008.4668521132985	0.38372927131656603
0.35621881484985357	965.0109201660645	0.38372927131656603
0.3634147346019745	924.979034594508	0.38372927131656603
0.3707563579082489	888.7893148926432	0.38372927131656603
0.3782459497451782	855.726808726401	0.38372927131656603
0.3858872056007385	824.4050783504563	0.38372927131656603
0.39368247985839844	793.4627447915574	0.38372927131656603
0.4016355574131012	762.1318070067265	0.38372927131656603
0.409748911857605	730.5605015244508	0.38372927131656603
0.4180265963077545	699.5663487022827	0.38372927131656603
0.4264715015888214	670.1006256390253	0.38372927131656603
0.43508657813072205	642.693082356741	0.38372927131656603
0.44387611746788025	617.2068500391289	0.38372927131656603
0.45284274220466614	593.0072665748759	0.38372927131656603
0.46199101209640503	569.415501681146	0.38372927131656603
0.4713236093521118	546.1028967615642	0.38372927131656603
0.480845183134079	523.1976888784241	0.38372927131656603
0.4905586838722229	501.1241894240565	0.38372927131656603
0.5004688501358032	480.204327151255	0.38372927131656603
0.5105787515640259	460.47313039329026	0.38372927131656603
0.5208933353424072	441.6573060126118	0.38372927131656603
0.5314158201217651	423.4395497654709	0.38372927131656603
0.5421513915061951	405.69462680883134	0.38372927131656603
0.5531033277511597	388.52126923891853	0.38372927131656603
0.5642769932746887	372.0740347374517	0.38372927131656603
0.5756758451461792	356.4210019422598	0.38372927131656603
0.5873055458068848	341.4702339942335	0.38372927131656603
0.5991696119308472	327.0804501374553	0.38372927131656603
0.6112739443778992	313.1755647370477	0.38372927131656603
0.6236221194267273	299.79017064708455	0.38372927131656603
0.6362204551696777	286.9748639981741	0.38372927131656603
0.6490726470947266	274.72191983773115	0.38372927131656603
0.6621850728988647	262.974238659724	0.38372927131656603
0.6755617260932922	251.68059624957033	0.38372927131656603
0.6892093420028687	240.82493581693564	0.38372927131656603
0.7031325697898865	230.41817864526777	0.38372927131656603
0.7173364758491516	220.45587753065337	0.38372927131656603
0.7318279147148132	210.90509321841313	0.38372927131656603
0.746611475944519	201.74103255395764	0.38372927131656603
0.7616943717002869	192.9517255965301	0.38372927131656603
0.7770812511444092	184.5294979514626	0.38372927131656603
0.7927797436714172	176.46082873960847	0.38372927131656603
0.8087944984436035	168.72620785536589	0.38372927131656603
0.8251336216926575	161.31275204450185	0.38372927131656603
0.8418020009994507	154.21189386633293	0.38372927131656603
0.8588079810142517	147.40918950833034	0.38372927131656603
0.8761565685272217	140.89415087031554	0.38372927131656603
0.8938565254211426	134.65255255865134	0.38372927131656603
0.9119131565093994	128.67706012339588	0.38372927131656603
0.9303354024887085	122.95548673356717	0.38372927131656603
0.949129045009613	117.47853661777414	0.38372927131656603
0.9683031439781189	112.23491339825038	0.38372927131656603
0.9878636598587036	107.21630726576144	0.38372927131656603
1.0078202486038208	102.41290313559442	0.38372927131656603
1.0281790494918823	97.81665066230427	0.38372927131656603
1.0489501953125	93.41800045208677	0.38372927131656603
1.070139765739441	89.2095706845246	0.38372927131656603
1.0917586088180542	85.18296176243511	0.38372927131656603
1.113813042640686	81.33183073863489	0.38372927131656603
1.136314034461975	77.64757406538142	0.38372927131656603
1.1592696905136108	74.12479418990478	0.38372927131656603
1.1826878786087036	70.7560766927361	0.38372927131656603
1.2065802812576294	67.53509086585439	0.38372927131656603
1.2309542894363403	64.45600672010889	0.38372927131656603
1.255821704864502	61.51194440116383	0.38372927131656603
1.2811903953552246	58.69806380075432	0.38372927131656603
1.3070727586746216	56.00828519501877	0.38372927131656603
1.3334767818450928	53.43747633891625	0.38372927131656603
1.3604153394699097	50.980870201379716	0.38372927131656603
1.3878967761993408	48.63352318534545	0.38372927131656603
1.4159349203109741	46.39070526790847	0.38372927131656603
1.4445379972457886	44.248373914814195	0.38372927131656603
1.4737203121185303	42.201848347144484	0.38372927131656603
1.503490686416626	40.24699550712218	0.38372927131656603
1.5338637828826904	38.379769885337616	0.38372927131656603
1.5648492574691772	36.59659030921259	0.38372927131656603
1.5964618921279907	34.893690575635205	0.38372927131656603
1.6287118196487427	33.26777523623291	0.38372927131656603
1.6616147756576538	31.715352839717568	0.38372927131656603
1.6951807737350464	30.23341582599631	0.38372927131656603
1.7294265031814575	28.818684964607932	0.38372927131656603
1.7643623352050781	27.468346225919234	0.38372927131656603
1.8000056743621826	26.17944917918623	0.38372927131656603
1.8363672494888303	24.9493743892626	0.38372927131656603
1.8734651803970337	23.77546524949862	0.38372927131656603
1.9113107919692993	22.655415334844456	0.38372927131656603
1.9499226808547974	21.586725374705363	0.38372927131656603
1.9893145561218262	20.567088918144808	0.38372927131656603
2.0295004844665527	19.594400445957955	0.38372927131656603
2.070500135421753	18.66646310592543	0.38372927131656603
2.11232590675354	17.781408078525427	0.38372927131656603
2.154998540878296	16.937236685376437	0.38372927131656603
2.19853138923645	16.13221048437238	0.38372927131656603
2.242945671081543	15.364453481328765	0.38372927131656603
2.288254976272583	14.632369474040377	0.38372927131656603
2.334482192993164	13.934296215674827	0.38372927131656603
2.3816404342651367	13.268782004051483	0.38372927131656603
2.4297537803649902	12.634274271869327	0.38372927131656603
2.478837013244629	12.02943184829477	0.38372927131656603
2.528913974761963	11.452859167231365	0.38372927131656603
2.580000162124634	10.903310073460972	0.38372927131656603
2.6321208477020264	10.379517808824971	0.38372927131656603
2.6852917671203613	9.880368991446916	0.38372927131656603
2.7395396232604976	9.404677645637063	0.38372927131656603
2.794880390167236	8.951390558409347	0.38372927131656603
2.8513422012329106	8.519485162700155	0.38372927131656603
2.9089415073394775	8.107977677173524	0.38372927131656603
2.967707395553589	7.715922583303646	0.38372927131656603
3.0276577472686768	7.3424315684219295	0.38372927131656603
3.0888218879699707	6.986644746354685	0.38372927131656603
3.151218891143799	6.64775122087986	0.38372927131656603
3.214878797531128	6.324955619718518	0.38372927131656603
3.279825448989868	6.017517438472825	0.38372927131656603
3.346080780029297	5.724742916613099	0.38372927131656603
3.413677453994751	5.44592524860453	0.38372927131656603
3.48263669013977	5.180438254515929	0.38372927131656603
3.5529923439025874	4.927630403844529	0.38372927131656603
3.6247656345367427	4.686940476842988	0.38372927131656603
3.6979923248291025	4.4577762386610935	0.38372927131656603
3.7726948261260986	4.2396184160856025	0.38372927131656603
3.848910093307495	4.031929969141545	0.38372927131656603
3.9266612529754643	3.8342392867807424	0.38372927131656603
4.005986690521241	3.6460583437262257	0.38372927131656603
4.086911201477051	3.4669542906373647	0.38372927131656603
4.169474124908447	3.296486727343012	0.38372927131656603
4.253701210021973	3.1342613874713376	0.38372927131656603
4.339633464813232	2.979874912807672	0.38372927131656603
4.427297592163086	2.8329716191183505	0.38372927131656603
4.516737461090088	2.6931801533220687	0.38372927131656603
4.607978820800781	2.5601766129098995	0.38372927131656603
4.70106840133667	2.4336274674513425	0.38372927131656603
4.796033859252931	2.313236038625709	0.38372927131656603
4.892922878265381	2.1986965250476347	0.38372927131656603
4.991764068603515	2.0897415111320985	0.38372927131656603
5.092606544494629	1.9860933765702866	0.38372927131656603