#  k [h/Mpc]          Pk/s8^2 [Mpc/h]^3          s8
5.3832945923204525e-6	43.05933874630163	0.4178142907670528
5.492044692800844e-6	43.88564148693597	0.4178142907670528
5.602991222986015e-6	44.727804553772195	0.4178142907670528
5.71617920286372e-6	45.58611520948	0.4178142907670528
5.831653652421664e-6	46.460911086884636	0.4178142907670528
5.949460501142307e-6	47.35247625843066	0.4178142907670528
6.069647952244846e-6	48.26116375240694	0.4178142907670528
6.192262844706423e-6	49.187284955203324	0.4178142907670528
6.3173547459882735e-6	50.13117024535216	0.4178142907670528
6.4449741330463515e-6	51.093180162033576	0.4178142907670528
6.575171028089249e-6	52.07364653065605	0.4178142907670528
6.707998181809679e-6	53.072928660552925	0.4178142907670528
6.8435087996476796e-6	54.09138815188806	0.4178142907670528
6.981756541790679e-6	55.12938888890582	0.4178142907670528
7.122797342162812e-6	56.18731067051862	0.4178142907670528
7.2666875894355986e-6	57.26552150526171	0.4178142907670528
7.413485036522603e-6	58.36444017096177	0.4178142907670528
7.5632465268427074e-6	59.48443593624486	0.4178142907670528
7.716034815530298e-6	60.625934775581165	0.4178142907670528
7.871908564993646e-6	61.789330784702024	0.4178142907670528
8.030931894609227e-6	62.975047244704726	0.4178142907670528
8.193167559511487e-6	64.18352652670251	0.4178142907670528
8.358680133824245e-6	65.41517680152114	0.4178142907670528
8.527536920155397e-6	66.67048293252802	0.4178142907670528
8.699804311618209e-6	67.94987421688126	0.4178142907670528
8.875552339304699e-6	69.25380995533845	0.4178142907670528
9.054850124812226e-6	70.58278640828468	0.4178142907670528
9.237770427716884e-6	71.93724583594363	0.4178142907670528
9.42438600759488e-6	73.31770910988669	0.4178142907670528
9.614770533517013e-6	74.72464407993093	0.4178142907670528
9.809003131522333e-6	76.15860516771538	0.4178142907670528
0.000010007157470681691	77.6200688018956	0.4178142907670528
0.000010209315405518282	79.10956279901397	0.4178142907670528
0.000010415557881060505	80.62765109354989	0.4178142907670528
0.000010625965842336889	82.1748778140302	0.4178142907670528
0.000010840623872354637	83.75177169124542	0.4178142907670528
0.000011059620192099837	85.35896035060016	0.4178142907670528
0.000011283037565590357	86.9969547168348	0.4178142907670528
0.00001151097148976987	88.66641964559659	0.4178142907670528
0.000011743507457140366	90.36788067620296	0.4178142907670528
0.000011980741874140228	92.10202117899473	0.4178142907670528
0.000012222769328218419	93.86944375834884	0.4178142907670528
0.000012469685316318665	95.6707617918274	0.4178142907670528
0.000012721589882858103	97.50665043208349	0.4178142907670528
0.000012978583072253965	99.37775964215015	0.4178142907670528
0.00001324076765740755	101.28479784142245	0.4178142907670528
0.00001350824913970427	103.22841792421573	0.4178142907670528
0.000013781134839518936	105.20933210824688	0.4178142907670528
0.000014059531167731634	107.22827066836301	0.4178142907670528
0.000014343552720674764	109.2859434677686	0.4178142907670528
0.000014633312275691415	111.38309596920482	0.4178142907670528
0.000014928924429113989	113.52047588741662	0.4178142907670528
0.000015230508324748354	115.69890858925838	0.4178142907670528
0.000015538184015895237	117.91911179127024	0.4178142907670528
0.000015852077922318134	120.18194934983126	0.4178142907670528
0.00001617231100681238	122.48818626466779	0.4178142907670528
0.00001649901241762563	124.8386628239744	0.4178142907670528
0.000016832314940984378	127.23429466909734	0.4178142907670528
0.000017172349544125592	129.67583761159335	0.4178142907670528
0.00001751925447024406	132.1642621993474	0.4178142907670528
0.000017873167962534357	134.7004539754615	0.4178142907670528
0.00001823423008318059	137.28527433112944	0.4178142907670528
0.00001860258453234565	139.91971851766291	0.4178142907670528
0.00001897838228615001	142.60471975988816	0.4178142907670528
0.000019361770682735372	145.34124986231197	0.4178142907670528
0.00001975290433620106	148.13025887054096	0.4178142907670528
0.000020151937860646305	150.9727761940534	0.4178142907670528
0.000020559036784106862	153.8699085360531	0.4178142907670528
0.000020974357539671456	156.82258240796256	0.4178142907670528
0.00002139806747436524	159.8319101941112	0.4178142907670528
0.00002183033575420271	162.89901673180313	0.4178142907670528
0.000022271337002166554	166.0249433617694	0.4178142907670528
0.00002272124766022901	169.21083122228663	0.4178142907670528
0.000023180249627330337	172.4578996651675	0.4178142907670528
0.000023648521164432168	175.76721397181998	0.4178142907670528
0.000024126253265421855	179.1401248144523	0.4178142907670528
0.000024613633286207908	182.57766564656498	0.4178142907670528
0.000025110863134614195	186.08119908785733	0.4178142907670528
0.000025618135623517467	189.65197896563194	0.4178142907670528
0.00002613565629872031	193.29123687590626	0.4178142907670528
0.000026663634344004078	197.00036444138465	0.4178142907670528
0.000027202273486182104	200.78066655447014	0.4178142907670528
0.000027751795641961548	204.6334561024843	0.4178142907670528
0.000028312419090070806	208.56019550358798	0.4178142907670528
0.000028884367566206482	212.5623007614078	0.4178142907670528
0.000029467868444044133	216.64113826372562	0.4178142907670528
0.000030063161830184968	220.79829743954096	0.4178142907670528
0.000030670478736283224	225.0352498743535	0.4178142907670528
0.000031290062906919034	229.35344060611496	0.4178142907670528
0.000031922165362630026	233.75450588575418	0.4178142907670528
0.000032567033485975116	238.2399588507573	0.4178142907670528
0.000033224929211428355	242.81152470107767	0.4178142907670528
0.000033896121749421555	247.4708790544642	0.4178142907670528
0.00003458086939644997	252.21955339182495	0.4178142907670528
0.00003527944863890294	257.05934062989235	0.4178142907670528
0.0000359921396011487	261.9919299425747	0.4178142907670528
0.00003671922968351278	267.0192463359359	0.4178142907670528
0.000037461006286321215	272.1429527942648	0.4178142907670528
0.00003821776408585719	277.3650182170553	0.4178142907670528
0.00003898981958627702	282.6873129093604	0.4178142907670528
0.00003977746746386408	288.1116828977806	0.4178142907670528
0.000040581024222774465	293.64007251525385	0.4178142907670528
0.000041400813643122085	299.2745412350386	0.4178142907670528
0.00004223716314299965	305.0170713519766	0.4178142907670528
0.00004309041105443616	310.8699379536528	0.4178142907670528
0.00004396089570946057	316.83490636903076	0.4178142907670528
0.00004484896271605977	322.914444260669	0.4178142907670528
0.000045754968596156605	329.1105763530492	0.4178142907670528
0.00004667929169954734	335.4255374581685	0.4178142907670528
0.00004762227399623955	341.8617442362741	0.4178142907670528
0.000048584304749965735	348.42130120034676	0.4178142907670528
0.00004956577686243698	355.10682760272897	0.4178142907670528
0.000050567068683449145	361.92046768892965	0.4178142907670528
0.00005158859130460773	368.86483825888575	0.4178142907670528
0.00005263074854156009	375.94244409064277	0.4178142907670528
0.000053693958761869	383.1558832192926	0.4178142907670528
0.00005477865124703387	390.50766277181293	0.4178142907670528
0.00005588524800259622	398.00044982770703	0.4178142907670528
0.00005701420377590698	405.63686752597164	0.4178142907670528
0.00005816596967633813	413.41989746205826	0.4178142907670528
0.0000593409968132619	421.3521867849736	0.4178142907670528
0.00006053977995179594	429.4367656937606	0.4178142907670528
0.00006176275928737601	437.67614439869067	0.4178142907670528
0.00006301045505097132	446.0736798406567	0.4178142907670528
0.00006428334745578468	454.6323151068061	0.4178142907670528
0.00006558195309480648	463.3550047173949	0.4178142907670528
0.00006690679583698507	472.24503575714454	0.4178142907670528
0.00006825839955126868	481.3054976197309	0.4178142907670528
0.0000696373099344782	490.5398098170918	0.4178142907670528
0.00007104407268343497	499.9511865794208	0.4178142907670528
0.00007247926259879031	509.5430615807524	0.4178142907670528
0.00007394343992928044	519.3187146634165	0.4178142907670528
0.00007543719402747222	529.2820340601131	0.4178142907670528
0.00007696112152189019	539.4363554986065	0.4178142907670528
0.00007851585542084646	549.7854497229255	0.4178142907670528
0.00008010198507690791	560.332872759815	0.4178142907670528
0.00008172015077434479	571.0826042830232	0.4178142907670528
0.00008337100734934218	582.0383865781939	0.4178142907670528
0.00008505520963808526	593.2041284524812	0.4178142907670528
0.00008677344158058991	604.5840666311349	0.4178142907670528
0.00008852637256495652	616.1819878160368	0.4178142907670528
0.00009031472291098898	628.0023970043068	0.4178142907670528
0.00009213919838657605	640.0494436340065	0.4178142907670528
0.0000940005265874789	652.3271910180131	0.4178142907670528
0.00009589947148924698	664.8405584951707	0.4178142907670528
0.0000978367679635995	677.5936245781189	0.4178142907670528
0.00009981319453800107	690.5908890043024	0.4178142907670528
0.00010182957339566193	703.8377458164509	0.4178142907670528
0.00010388666851213194	717.3382357138387	0.4178142907670528
0.00010598531662253655	731.0973037456868	0.4178142907670528
0.0001081263617379591	745.1199868628703	0.4178142907670528
0.00011031066242139786	759.4114052988308	0.4178142907670528
0.00011253908451180906	773.9767148776273	0.4178142907670528
0.0001148125156760216	788.8210091494954	0.4178142907670528
0.0001171318799606524	803.9495921507007	0.4178142907670528
0.00011949810141231852	819.3682075861823	0.4178142907670528
0.00012191212590550998	835.0819995148457	0.4178142907670528
0.00012437491386663152	851.096643264766	0.4178142907670528
0.00012688744754996156	867.4178715206995	0.4178142907670528
0.00012945073831360782	884.051874955248	0.4178142907670528
0.00013206583389546725	901.0044943995723	0.4178142907670528
0.00013473375292960557	918.2814892671444	0.4178142907670528
0.0001374555577058346	935.8894807944638	0.4178142907670528
0.0001402323250658809	953.8340312375628	0.4178142907670528
0.00014306521916296344	972.1224612383265	0.4178142907670528
0.00014595531683880836	990.7606577122441	0.4178142907670528
0.0001489037967985496	1009.755530642742	0.4178142907670528
0.00015191186685115085	1029.11416006381	0.4178142907670528
0.0001549806765979156	1048.842720635127	0.4178142907670528
0.00015811149205546807	1068.9488647640915	0.4178142907670528
0.00016130555013660323	1089.4396144106724	0.4178142907670528
0.00016456414596177638	1110.3224241663022	0.4178142907670528
0.00016788860375527314	1131.6045398685003	0.4178142907670528
0.00017128017498180262	1153.2931573169376	0.4178142907670528
0.00017474024207331235	1175.396675091335	0.4178142907670528
0.0001782702311174945	1197.922508499508	0.4178142907670528
0.00018187153909821071	1220.8789942121716	0.4178142907670528
0.00018554557755123805	1244.2736494965723	0.4178142907670528
0.000189293845323846	1268.115825260066	0.4178142907670528
0.00019311782671138658	1292.4131244860646	0.4178142907670528
0.0001970190496649595	1317.1741933302164	0.4178142907670528
0.0002009991003433245	1342.4083439525552	0.4178142907670528
0.00020505955035332585	1368.1241181469306	0.4178142907670528
0.0002092020295094699	1394.3305960691887	0.4178142907670528
0.00021342818217817678	1421.0372548359874	0.4178142907670528
0.00021773976914118986	1448.2535813325949	0.4178142907670528
0.00022213840566109866	1475.9887928439757	0.4178142907670528
0.00022662588162347658	1504.2524558508935	0.4178142907670528
0.00023120403056964278	1533.0552120430386	0.4178142907670528
0.00023587465693708523	1562.4069983912625	0.4178142907670528
0.00024063963792286832	1592.3176412563382	0.4178142907670528
0.00024550087982788655	1622.797986759898	0.4178142907670528
0.0002504603180568665	1653.8591764712924	0.4178142907670528
0.00025551993167027804	1685.5108252348632	0.4178142907670528
0.00026068178704008444	1717.7653305247186	0.4178142907670528
0.00026594789233058707	1750.6331807854388	0.4178142907670528
0.0002713204012252388	1784.1261228942876	0.4178142907670528
0.0002768014383036642	1818.255810229305	0.4178142907670528
0.00028239324456080816	1853.0344222989982	0.4178142907670528
0.00028809794457629323	1888.472887528275	0.4178142907670528
0.0002939179248642178	1924.5844543147941	0.4178142907670528
0.00029985545552335685	1961.3812821117156	0.4178142907670528
0.00030591292306780815	1998.8761875952937	0.4178142907670528
0.00031209277221932996	2037.0821127860559	0.4178142907670528
0.00031839747680351116	2076.0124350695896	0.4178142907670528
0.00032482951064594074	2115.679780262341	0.4178142907670528
0.0003313914930913598	2156.098265533898	0.4178142907670528
0.0003380860434845092	2197.2815834480234	0.4178142907670528
0.00034491583937779064	2239.2442416493445	0.4178142907670528
0.0003518835874274374	2281.9993811751256	0.4178142907670528
0.0003589921107050029	2325.562782318966	0.4178142907670528
0.00036624420317821194	2369.9486741679852	0.4178142907670528
0.00037364283343777077	2415.1720444423186	0.4178142907670528
0.00038119088276289425	2461.24781008644	0.4178142907670528
0.0003888914943672718	2508.192605669119	0.4178142907670528
0.00039674757863394927	2556.020718615421	0.4178142907670528
0.0004047623951919378	2604.748642033391	0.4178142907670528
0.00041293932008557016	2654.3945261563754	0.4178142907670528
0.00042128126369789226	2704.971846740226	0.4178142907670528
0.00042979168938472867	2756.4983938654254	0.4178142907670528
0.00043847406050190346	2808.9916098025615	0.4178142907670528
0.00044733184040524065	2862.4688000336832	0.4178142907670528
0.0004563684924505651	2916.946892360092	0.4178142907670528
0.0004655877419281751	2972.4442445492177	0.4178142907670528
0.00047499322681687767	3028.9785154186893	0.4178142907670528
0.00048458873061463237	3086.569085384991	0.4178142907670528
0.0004943780368193983	3145.2324001900697	0.4178142907670528
0.0005043651326559483	3204.9900200699117	0.4178142907670528
0.0005145540344528854	3265.8601903552926	0.4178142907670528
0.0005249487003311518	3327.8602589134184	0.4178142907670528
0.0005355533212423326	3391.0120101074403	0.4178142907670528
0.0005463722045533356	3455.3353174368162	0.4178142907670528
0.0005574096576310695	3520.8506643078986	0.4178142907670528
0.0005686701042577629	3587.577269959833	0.4178142907670528
0.0005801579682156444	3655.5361151567317	0.4178142907670528
0.0005918779061175887	3724.7496919903424	0.4178142907670528
0.000603834632784128	3795.237862961632	0.4178142907670528
0.0006160328630357986	3867.0223224382735	0.4178142907670528
0.000628477544523776	3940.1259197833997	0.4178142907670528
0.000641173624899238	4014.5702713966884	0.4178142907670528
0.0006541261682286859	4090.3770259928024	0.4178142907670528
0.0006673403549939396	4167.570561449359	0.4178142907670528
0.000680821540299803	4246.171561169729	0.4178142907670528
0.0006945753702893851	4326.206514704368	0.4178142907670528
0.0007086067344062027	4407.695771486144	0.4178142907670528
0.0007229215116240086	4490.663000358365	0.4178142907670528
0.0007375255227088933	4575.134406378384	0.4178142907670528
0.0007524244138039651	4661.131445003719	0.4178142907670528
0.0007676244131289421	4748.681598177848	0.4178142907670528
0.0007831314578652384	4837.808322832933	0.4178142907670528
0.0007989517762325708	4928.535092703025	0.4178142907670528
0.0008150916546583177	5020.889281455932	0.4178142907670528
0.0008315575541928413	5114.895196610245	0.4178142907670528
0.0008483561687171459	5210.580071549666	0.4178142907670528
0.0008654940756969156	5307.96694541082	0.4178142907670528
0.0008829782018437978	5407.082887703479	0.4178142907670528
0.0009008154738694433	5507.954911973026	0.4178142907670528
0.0009190131677314636	5610.611105796686	0.4178142907670528
0.0009375784429721536	5715.075496172413	0.4178142907670528
0.0009565186919644477	5821.374132744278	0.4178142907670528
0.0009758416563272478	5929.536849304131	0.4178142907670528
0.000995554961264134	6039.590270199489	0.4178142907670528
0.0010156665230169888	6151.560470008903	0.4178142907670528
0.0010361843742430204	6265.4780392304865	0.4178142907670528
0.0010571165475994349	6381.365103233445	0.4178142907670528
0.0010784717742353684	6499.252071424206	0.4178142907670528
0.001100258319638669	6619.170878490714	0.4178142907670528
0.0011224849149584779	6741.142806528359	0.4178142907670528
0.0011451612226665024	6865.20220289562	0.4178142907670528
0.0011682949261739844	6991.373126753886	0.4178142907670528
0.0011918960371986032	7119.680973705652	0.4178142907670528
0.001215973985381425	7250.160226335041	0.4178142907670528
0.0012405382003635164	7382.834354501318	0.4178142907670528
0.0012655986938625568	7517.734461551507	0.4178142907670528
0.001291165477596223	7654.884927654251	0.4178142907670528
0.001317248679697514	7794.31656938484	0.4178142907670528
0.0013438588939607141	7936.056578076593	0.4178142907670528
0.0013710065977647896	8080.132177434171	0.4178142907670528
0.0013987028505653136	8226.574000903429	0.4178142907670528
0.001426958478987217	8375.403147524674	0.4178142907670528
0.001455784775316715	8526.651640297514	0.4178142907670528
0.0014851936139166357	8680.34563467254	0.4178142907670528
0.0015151965199038384	8836.509888943154	0.4178142907670528
0.0015458054840564715	8995.169413890322	0.4178142907670528
0.0015770328463986507	9156.354896048684	0.4178142907670528
0.001608890830539166	9320.086352935003	0.4178142907670528
0.0016413925914093848	9486.393349399212	0.4178142907670528
0.0016745509346947074	9655.29697944084	0.4178142907670528
0.001708379015326501	9826.82324441745	0.4178142907670528
0.0017428906867280607	10000.995974115165	0.4178142907670528
0.0017780993366613993	10177.833477148208	0.4178142907670528
0.001814019284211099	10357.363991073047	0.4178142907670528
0.001850664848461748	10539.605839270042	0.4178142907670528
0.0018880506977438912	10724.578627515566	0.4178142907670528
0.001926192780956625	10912.31115821061	0.4178142907670528
0.0019651043694466357	11102.806124586514	0.4178142907670528
0.002004801994189619	11296.096478804298	0.4178142907670528
0.0020453017204999924	11492.192933639408	0.4178142907670528
0.0020866196136921644	11691.113082220929	0.4178142907670528
0.002128771971911191	11892.871126348775	0.4178142907670528
0.0021717760246247044	12097.486556519421	0.4178142907670528
0.002215648768469689	12304.966374971966	0.4178142907670528
0.0022604078985750684	12515.329889316436	0.4178142907670528
0.002306071110069751	12728.580440503956	0.4178142907670528
0.002352656796574592	12944.733822984934	0.4178142907670528
0.0024001835845410824	13163.797231164015	0.4178142907670528
0.0024486703332513566	13385.774407750256	0.4178142907670528
0.0024981368333101273	13610.675047877456	0.4178142907670528
0.002548602409660814	13838.50297780126	0.4178142907670528
0.002600087551400067	14069.255762101873	0.4178142907670528
0.002652612747624517	14302.936794467592	0.4178142907670528
0.0027061989530920974	14539.548164810527	0.4178142907670528
0.00276086782105267	14779.083792044177	0.4178142907670528
0.0028166410047560917	15021.53978687474	0.4178142907670528
0.0028735410887748007	15266.91007820957	0.4178142907670528
0.002931590192019938	15515.184535237335	0.4178142907670528
0.002990812296047808	15766.352286962894	0.4178142907670528
0.003051230451092124	16020.400026972033	0.4178142907670528
0.003112869337201119	16277.316524343956	0.4178142907670528
0.003175753401592373	16537.081489326967	0.4178142907670528
0.0032399094197899116	16799.676283644963	0.4178142907670528
0.0033053599763661636	17065.076206854174	0.4178142907670528
0.0033721325453370805	17333.25397592778	0.4178142907670528
0.0034402539022266843	17604.18563613327	0.4178142907670528
0.003509751986712219	17877.839172090822	0.4178142907670528
0.0035806533414870496	18154.17973821505	0.4178142907670528
0.0036529873032122855	18433.170057366155	0.4178142907670528
0.00372678251005709	18714.773418321096	0.4178142907670528
0.003802068298682568	18998.948715152186	0.4178142907670528
0.003878874937072397	19285.64022739132	0.4178142907670528
0.003957233391702177	19574.80854946425	0.4178142907670528
0.004037174861878155	19867.300379007705	0.4178142907670528
0.0041187312453985206	20161.266462662476	0.4178142907670528
0.004201935138553381	20457.540273410286	0.4178142907670528
0.004286819603294133	20756.04320585692	0.4178142907670528
0.004373419098556042	21056.715011008564	0.4178142907670528
0.004461768083274367	21359.471496189086	0.4178142907670528
0.004551901482045649	21664.24740529356	0.4178142907670528
0.0046438560821116	21970.952916733353	0.4178142907670528
0.004737668205052617	22279.508954788944	0.4178142907670528
0.004833375103771686	22589.81263193045	0.4178142907670528
0.004931015428155661	22901.778384808116	0.4178142907670528
0.005030628759413961	23215.30713813819	0.4178142907670528
0.005132254213094711	23530.290968139387	0.4178142907670528
0.005235932301729918	23846.19648825144	0.4178142907670528
0.00534170772880316	24163.73069739281	0.4178142907670528
0.0054496172815561295	24482.361510804065	0.4178142907670528
0.005559706129133701	24801.974032807328	0.4178142907670528
0.005672019906342031	25122.43474744357	0.4178142907670528
0.005786602385342121	25443.617923798178	0.4178142907670528
0.005903499666601419	25765.371233465088	0.4178142907670528
0.0060227578505873715	26087.553005262103	0.4178142907670528
0.006144425366073845	26410.004094431417	0.4178142907670528
0.00626855064183474	26732.568006349222	0.4178142907670528
0.006395183969289065	27055.258099150957	0.4178142907670528
0.0065243751741945735	27377.56733944828	0.4178142907670528
0.006656176410615444	27699.472863520394	0.4178142907670528
0.006790639832615857	28020.790472535202	0.4178142907670528
0.006927819922566412	28341.336491860027	0.4178142907670528
0.00706777069717646	28660.894173851346	0.4178142907670528
0.0072105489671230325	28979.263720182844	0.4178142907670528
0.007356211543083194	29296.232794754185	0.4178142907670528
0.007504817098379136	29611.51843236791	0.4178142907670528
0.007656424306333065	29925.007709662732	0.4178142907670528
0.007811094168573624	30236.404106664653	0.4178142907670528
0.007968888618052008	30545.46839012985	0.4178142907670528
0.008129870519042013	30851.949413684517	0.4178142907670528
0.008294104598462575	31155.585097882184	0.4178142907670528
0.008461656980216507	31456.1133631043	0.4178142907670528
0.008632592856884003	31753.28207640021	0.4178142907670528
0.008806983008980751	32046.774808798335	0.4178142907670528
0.00898490007966757	32336.33210391919	0.4178142907670528
0.009166406467556957	32621.6379817464	0.4178142907670528
0.00935158040374517	32902.4167109168	0.4178142907670528
0.009540494531393048	33178.34389813974	0.4178142907670528
0.009733225218951702	33449.12025326921	0.4178142907670528
0.009929848834872242	33714.394576201936	0.4178142907670528
0.010130445472896097	33973.87654349859	0.4178142907670528
0.010335093364119525	34227.211078941924	0.4178142907670528
0.010543875396251675	34474.048948636504	0.4178142907670528
0.010756876319646837	34714.04751470375	0.4178142907670528
0.010974179953336717	34946.841426165	0.4178142907670528
0.011195871978998186	35172.0557226191	0.4178142907670528
0.011422043666243548	35389.336837334384	0.4178142907670528
0.011652784422039984	35598.29806029423	0.4178142907670528
0.01188818644732237	35798.550641872556	0.4178142907670528
0.012128342874348162	35989.71472852365	0.4178142907670528
0.012373351491987707	36171.39596503198	0.4178142907670528
0.01262330915778875	36343.21292207427	0.4178142907670528
0.012878316454589362	36504.752991847185	0.4178142907670528
0.013138474896550175	36655.622834949296	0.4178142907670528
0.013403890654444691	36795.4374335897	0.4178142907670528
0.013674667105078695	36923.77394385404	0.4178142907670528
0.01395091228187084	37040.24824531581	0.4178142907670528
0.014232739806175235	37144.44505891247	0.4178142907670528
0.014520260505378241	37235.979872803684	0.4178142907670528
0.014813594520092009	37314.46206204799	0.4178142907670528
0.015112848952412612	37379.488887596	0.4178142907670528
0.01541814953088761	37430.69767848841	0.4178142907670528
0.01572961546480656	37467.69549385704	0.4178142907670528
0.016047367826104168	37490.131969081864	0.4178142907670528
0.016371553763747222	37497.649121140574	0.4178142907670528
0.016702271997928612	37489.89819838518	0.4178142907670528
0.017039688304066655	37466.54713615144	0.4178142907670528
0.017383905127644535	37427.29160338451	0.4178142907670528
0.0177350901067257	37489.57468584686	0.4178142907670528
0.018093355000019067	37424.19461403604	0.4178142907670528
0.01845887303352356	37342.19731563101	0.4178142907670528
0.0188317559659481	37243.34950726588	0.4178142907670528
0.019212193787097927	37127.43302083912	0.4178142907670528
0.019600313156843185	36994.255431108424	0.4178142907670528
0.01999625749886036	36843.6759033607	0.4178142907670528
0.020400216802954667	36675.54205323938	0.4178142907670528
0.02081231772899627	36489.801604951426	0.4178142907670528
0.02123276330530643	36286.37344023386	0.4178142907670528
0.021661683917045593	36065.28299255468	0.4178142907670528
0.02209929004311561	35826.5322120855	0.4178142907670528
0.0225457139313221	35473.68334849346	0.4178142907670528
0.0230011772364378	35196.75337270651	0.4178142907670528
0.023465819656848904	34902.70973300099	0.4178142907670528
0.023939872160553936	34591.794920743174	0.4178142907670528
0.02442347817122936	34264.37100990038	0.4178142907670528
0.024916876107454307	33920.795283297884	0.4178142907670528
0.02542021870613098	33561.550028772894	0.4178142907670528
0.02593375369906425	33187.11802006654	0.4178142907670528
0.026457635685801506	32798.12251605685	0.4178142907670528
0.026992129161953936	32395.15588441356	0.4178142907670528
0.02753739058971406	32038.908962351295	0.4178142907670528
0.02809369564056396	31611.027921680456	0.4178142907670528
0.028661211952567097	31171.407136648006	0.4178142907670528
0.029240220785140977	30720.897144341514	0.4178142907670528
0.029830897226929658	30260.507458911765	0.4178142907670528
0.030433535575866703	29791.199057473725	0.4178142907670528
0.031048320233821862	29314.107284128964	0.4178142907670528
0.031675551086664214	28830.322717265986	0.4178142907670528
0.0323154553771019	28341.036410100605	0.4178142907670528
0.03296825289726257	27847.503660716964	0.4178142907670528
0.0336342714726925	27350.93276823561	0.4178142907670528
0.034313712269067764	26852.67096431075	0.4178142907670528
0.035006910562515245	26354.39070837468	0.4178142907670528
0.03571407869458197	25856.695659686353	0.4178142907670528
0.036435566842556	25361.246419209005	0.4178142907670528
0.03717159852385521	24869.41804600019	0.4178142907670528
0.037922531366348274	24382.547824423473	0.4178142907670528
0.03868859633803367	23901.975096291048	0.4178142907670528
0.03947017714381218	23428.75939913888	0.4178142907670528
0.04026750847697258	22964.130913516623	0.4178142907670528
0.04108098521828651	22509.159894247772	0.4178142907670528
0.04191085323691369	22064.94800405861	0.4178142907670528
0.04275752976536751	21632.444716929083	0.4178142907670528
0.04362126812338829	21212.609811894323	0.4178142907670528
0.04450249299407004	20806.193240217657	0.4178142907670528
0.045401483774185174	20413.86681851128	0.4178142907670528
0.04631867632269861	20036.137471867594	0.4178142907670528
0.047254350036382675	19673.343682024184	0.4178142907670528
0.04820897057652475	19325.602278946946	0.4178142907670528
0.04918283596634864	18992.960934246035	0.4178142907670528
0.05017641931772231	18675.284485270553	0.4178142907670528
0.05119002237915992	18372.330814676367	0.4178142907670528
0.05222415179014205	18083.616586223583	0.4178142907670528
0.05327918007969856	17808.407562908214	0.4178142907670528
0.05435546115040779	17545.739226728027	0.4178142907670528
0.055453538894653334	17294.169144830394	0.4178142907670528
0.05657374486327172	17052.05003353926	0.4178142907670528
0.057716637849807746	16817.53415035054	0.4178142907670528
0.05888256430625916	16588.803415575978	0.4178142907670528
0.06007209792733193	16376.932032720917	0.4178142907670528
0.0612856037914753	16155.292790117905	0.4178142907670528
0.06252367794513701	15933.149134645448	0.4178142907670528
0.06378671526908877	15708.560373737695	0.4178142907670528
0.06507532298564911	15479.520351303334	0.4178142907670528
0.06638989597558977	15243.917315740306	0.4178142907670528
0.06773108989000319	14999.466489293927	0.4178142907670528
0.06909931451082231	14743.934565083318	0.4178142907670528
0.07049524784088135	14475.407582334848	0.4178142907670528
0.07191931456327437	14192.54303186141	0.4178142907670528
0.07337221503257751	13894.541118413883	0.4178142907670528
0.07485438883304595	13581.051644166213	0.4178142907670528
0.07636658102273942	13252.10703191351	0.4178142907670528
0.07790925353765489	12907.998269042093	0.4178142907670528
0.07948315888643265	12549.42796150403	0.4178142907670528
0.08108878880739212	12177.933304883874	0.4178142907670528
0.08272692561149599	11796.07881322811	0.4178142907670528
0.08439807593822478	11407.17401083585	0.4178142907670528
0.08610307425260545	11014.774186700133	0.4178142907670528
0.08784241974353789	10622.559243424237	0.4178142907670528
0.08961699903011322	10234.07706374806	0.4178142907670528
0.09142742305994035	9852.913504444581	0.4178142907670528
0.09327434003353116	9482.688954242896	0.4178142907670528
0.095158651471138	9126.981874602514	0.4178142907670528
0.09708093106746676	8789.298602895498	0.4178142907670528
0.09904213994741441	8472.689683131179	0.4178142907670528
0.10104287415742877	8179.541072679344	0.4178142907670528
0.10308412462472913	7911.274542827319	0.4178142907670528
0.10516651719808581	7668.436928166069	0.4178142907670528
0.10729106515645982	7450.745911084918	0.4178142907670528
0.10945843905210498	7257.148564840729	0.4178142907670528
0.11166969686746601	7085.773816413271	0.4178142907670528
0.1139255166053772	6933.8745462678235	0.4178142907670528
0.11622700840234756	6797.851701701853	0.4178142907670528
0.118574894964695	6673.505687510632	0.4178142907670528
0.12097033113241193	6556.159305996877	0.4178142907670528
0.12341402471065524	6440.817868780328	0.4178142907670528
0.12590721249580386	6322.321754434993	0.4178142907670528
0.12845064699649808	6195.9380046788965	0.4178142907670528
0.1310455799102783	6057.9139386658935	0.4178142907670528
0.13369281589984897	5905.656980785252	0.4178142907670528
0.1363936513662338	5737.554280256196	0.4178142907670528
0.13914892077445984	5553.4737936160445	0.4178142907670528
0.14195998013019562	5355.232960862031	0.4178142907670528
0.1448276787996292	5146.084459116686	0.4178142907670528
0.14775346219539642	4930.104108705094	0.4178142907670528
0.15073834359645846	4712.502367444594	0.4178142907670528
0.15378338098526	4499.306427033746	0.4178142907670528
0.1568900942802429	4295.956038583783	0.4178142907670528
0.16005939245224	4106.974148895665	0.4178142907670528
0.16329288482666016	3935.969582620566	0.4178142907670528
0.16659153997898102	3785.126848494583	0.4178142907670528
0.1699569970369339	3654.9852477972527	0.4178142907670528
0.17339026927947998	3544.4472436921283	0.4178142907670528
0.17689307034015658	3450.5380653847433	0.4178142907670528
0.18046644330024722	3368.976270840021	0.4178142907670528
0.1841122061014175	3294.663545049504	0.4178142907670528
0.18783141672611237	3222.251253568337	0.4178142907670528
0.1916259527206421	3146.437557850414	0.4178142907670528
0.19549694657325745	3062.699360768862	0.4178142907670528
0.19944635033607477	2968.6516062318215	0.4178142907670528
0.20347532629966736	2863.826802464741	0.4178142907670528
0.20758591592311865	2749.7191131852182	0.4178142907670528
0.21177931129932404	2629.815157215407	0.4178142907670528
0.2160576283931732	2508.7330395854224	0.4178142907670528
0.22042217850685122	2391.683403191332	0.4178142907670528
0.2248750925064087	2283.051030377514	0.4178142907670528
0.22941777110099787	2186.046269948493	0.4178142907670528
0.23405241966247559	2102.118259155161	0.4178142907670528
0.23878046870231626	2030.6501652340746	0.4178142907670528
0.2436042875051498	1969.216588828147	0.4178142907670528
0.2485255300998688	1914.0321039180876	0.4178142907670528
0.25354593992233276	1860.8468131045524	0.4178142907670528
0.2586680054664612	1805.7519857472769	0.4178142907670528
0.2638933360576629	1745.9642178673594	0.4178142907670528
0.26922446489334106	1680.679731549714	0.4178142907670528
0.2746630012989044	1611.049302036349	0.4178142907670528
0.28021171689033514	1539.6604943966497	0.4178142907670528
0.28587222099304194	1469.94385723847	0.4178142907670528
0.29164737462997437	1405.0216135873964	0.4178142907670528
0.2975388765335083	1346.8453817328864	0.4178142907670528
0.3035497069358826	1295.8814152090604	0.4178142907670528
0.30968165397644043	1250.8915342336613	0.4178142907670528
0.3159377872943878	1209.484862080901	0.4178142907670528
0.32231998443603516	1169.039139141405	0.4178142907670528
0.3288314342498779	1127.3759651550001	0.4178142907670528
0.33547410368919367	1083.6373713592527	0.4178142907670528
0.3422513008117676	1038.3713400681822	0.4178142907670528
0.3491650521755219	993.1860684969798	0.4178142907670528
0.35621881484985357	950.0232580472168	0.4178142907670528
0.3634147346019745	910.2634059221197	0.4178142907670528
0.3707563579082489	874.3133196001312	0.4178142907670528
0.3782459497451782	841.4660720402542	0.4178142907670528
0.3858872056007385	810.3547993687617	0.4178142907670528
0.39368247985839844	779.6402833284562	0.4178142907670528
0.4016355574131012	748.5675388215236	0.4178142907670528
0.409748911857605	717.2825733607774	0.4178142907670528
0.4180265963077545	686.5879060173346	0.4178142907670528
0.4264715015888214	657.4160826142436	0.4178142907670528
0.43508657813072205	630.285242569927	0.4178142907670528
0.44387611746788025	605.0584263607891	0.4178142907670528
0.45284274220466614	581.1120130697144	0.4178142907670528
0.46199101209640503	557.7790710855197	0.4178142907670528
0.4713236093521118	534.7375083601498	0.4178142907670528
0.480845183134079	512.1121981518045	0.4178142907670528
0.4905586838722229	490.3179673040719	0.4178142907670528
0.5004688501358032	469.6688140273858	0.4178142907670528
0.5105787515640259	450.1976014764212	0.4178142907670528
0.5208933353424072	431.6357933916154	0.4178142907670528
0.5314158201217651	413.67242706626655	0.4178142907670528
0.5421513915061951	396.18459456256033	0.4178142907670528
0.5531033277511597	379.2681215364175	0.4178142907670528
0.5642769932746887	363.07319262351626	0.4178142907670528
0.5756758451461792	347.6651985194995	0.4178142907670528
0.5873055458068848	332.95377745290693	0.4178142907670528
0.5991696119308472	318.80041415812497	0.4178142907670528
0.6112739443778992	305.1303497221989	0.4178142907670528
0.6236221194267273	291.97664993724334	0.4178142907670528
0.6362204551696777	279.3880693868696	0.4178142907670528
0.6490726470947266	267.3562800973487	0.4178142907670528
0.6621850728988647	255.82532695151087	0.4178142907670528
0.6755617260932922	244.74466722389803	0.4178142907670528
0.6892093420028687	234.0982659789006	0.4178142907670528
0.7031325697898865	223.89615636171433	0.4178142907670528
0.7173364758491516	214.13360295167	0.4178142907670528
0.7318279147148132	204.77805201466487	0.4178142907670528
0.746611475944519	195.80499572293195	0.4178142907670528
0.7616943717002869	187.20237943012316	0.4178142907670528
0.7770812511444092	178.96239251410788	0.4178142907670528
0.7927797436714172	171.07144289223862	0.4178142907670528
0.8087944984436035	163.5102521196739	0.4178142907670528
0.8251336216926575	156.2658982888384	0.4178142907670528
0.8418020009994507	149.32983657385407	0.4178142907670528
0.8588079810142517	142.68771220247655	0.4178142907670528
0.8761565685272217	136.3289484119276	0.4178142907670528
0.8938565254211426	130.23958131044398	0.4178142907670528
0.9119131565093994	124.41212522827209	0.4178142907670528
0.9303354024887085	118.8345458525556	0.4178142907670528
0.949129045009613	113.49756356815111	0.4178142907670528
0.9683031439781189	108.39002431630412	0.4178142907670528
0.9878636598587036	103.50356126682331	0.4178142907670528
1.0078202486038208	98.82854112368395	0.4178142907670528
1.0281790494918823	94.35690909635875	0.4178142907670528
1.0489501953125	90.07922870162994	0.4178142907670528
1.070139765739441	85.98817239130578	0.4178142907670528
1.0917586088180542	82.0754399983028	0.4178142907670528
1.113813042640686	78.33471283304767	0.4178142907670528
1.136314034461975	74.75752969635145	0.4178142907670528
1.1592696905136108	71.33844970683438	0.4178142907670528
1.1826878786087036	68.07023182947387	0.4178142907670528
1.2065802812576294	64.94655521693832	0.4178142907670528
1.2309542894363403	61.96168355992874	0.4178142907670528
1.255821704864502	59.108845438004025	0.4178142907670528
1.2811903953552246	56.383247830580856	0.4178142907670528
1.3070727586746216	53.77888445798304	0.4178142907670528
1.3334767818450928	51.29070627079263	0.4178142907670528
1.3604153394699097	48.91400960145845	0.4178142907670528
1.3878967761993408	46.64391144729227	0.4178142907670528
1.4159349203109741	44.475751173515086	0.4178142907670528
1.4445379972457886	42.40557369090825	0.4178142907670528
1.4737203121185303	40.428747068150756	0.4178142907670528
1.503490686416626	38.54122304477374	0.4178142907670528
1.5338637828826904	36.739028083420706	0.4178142907670528
1.5648492574691772	35.01862085194734	0.4178142907670528
1.5964618921279907	33.37633776458379	0.4178142907670528
1.6287118196487427	31.80890301623339	0.4178142907670528
1.6616147756576538	30.312920108964143	0.4178142907670528
1.6951807737350464	28.88542017179305	0.4178142907670528
1.7294265031814575	27.523195527853268	0.4178142907670528
1.7643623352050781	26.223483939010766	0.4178142907670528
1.8000056743621826	24.983402676999127	0.4178142907670528
1.8363672494888303	23.800385819782484	0.4178142907670528
1.8734651803970337	22.671828508633116	0.4178142907670528
1.9113107919692993	21.59547984773206	0.4178142907670528
1.9499226808547974	20.568886456112796	0.4178142907670528
1.9893145561218262	19.589800149952264	0.4178142907670528
2.0295004844665527	18.656166917693824	0.4178142907670528
2.070500135421753	17.765837374402032	0.4178142907670528
2.11232590675354	16.9169884752318	0.4178142907670528
2.154998540878296	16.10766704571875	0.4178142907670528
2.19853138923645	15.336181062436005	0.4178142907670528
2.242945671081543	14.600700450774339	0.4178142907670528
2.288254976272583	13.899667385780553	0.4178142907670528
2.334482192993164	13.231469291677643	0.4178142907670528
2.3816404342651367	12.594686171128744	0.4178142907670528
2.4297537803649902	11.987808185568102	0.4178142907670528
2.478837013244629	11.409533891942681	0.4178142907670528
2.528913974761963	10.858500200095127	0.4178142907670528
2.580000162124634	10.333501852264742	0.4178142907670528
2.6321208477020264	9.83330513797827	0.4178142907670528
2.6852917671203613	9.356830129283837	0.4178142907670528
2.7395396232604976	8.902927902131932	0.4178142907670528
2.794880390167236	8.470569065135379	0.4178142907670528
2.8513422012329106	8.058768476225158	0.4178142907670528
2.9089415073394775	7.66656896098261	0.4178142907670528
2.967707395553589	7.293059373031355	0.4178142907670528
3.0276577472686768	6.937371546213779	0.4178142907670528
3.0888218879699707	6.598677906457916	0.4178142907670528
3.151218891143799	6.276192060497781	0.4178142907670528
3.214878797531128	5.969146907397798	0.4178142907670528
3.279825448989868	5.676822226812642	0.4178142907670528
3.346080780029297	5.398549896299362	0.4178142907670528
3.413677453994751	5.133648180179612	0.4178142907670528
3.48263669013977	4.881508794325891	0.4178142907670528
3.5529923439025874	4.641506512897487	0.4178142907670528
3.6247656345367427	4.413097184025301	0.4178142907670528
3.6979923248291025	4.195710485464322	0.4178142907670528
3.7726948261260986	3.9888472958377386	0.4178142907670528
3.848910093307495	3.7919853691280645	0.4178142907670528
3.9266612529754643	3.6046767102072472	0.4178142907670528
4.005986690521241	3.426445119285059	0.4178142907670528
4.086911201477051	3.2568785405315066	0.4178142907670528
4.169474124908447	3.095550976048605	0.4178142907670528
4.253701210021973	2.9420838619651017	0.4178142907670528
4.339633464813232	2.7960900143098284	0.4178142907670528
4.427297592163086	2.657226420277433	0.4178142907670528
4.516737461090088	2.525137316946963	0.4178142907670528
4.607978820800781	2.3995107181172046	0.4178142907670528
4.70106840133667	2.2800278366013904	0.4178142907670528
4.796033859252931	2.1664025592702547	0.4178142907670528
4.892922878265381	2.058343259557796	0.4178142907670528
4.991764068603515	1.9555924955049186	0.4178142907670528
5.092606544494629	1.8578841162777535	0.4178142907670528